Phase,Epoch,BatchIdx,SamplesSeen,Val_Accuracy,Class0_Accuracy,Class1_Accuracy,Test_Accuracy
pretrain,1,1,64,0.510176,0.170270,0.852861,0.494180
pretrain,1,6,384,0.504749,1.000000,0.005450,0.515344
pretrain,1,11,704,0.584803,0.927027,0.239782,0.568254
pretrain,1,16,1024,0.554953,0.962162,0.144414,0.546032
pretrain,1,21,1344,0.645862,0.681081,0.610354,0.631746
pretrain,1,26,1664,0.640434,0.716216,0.564033,0.651852
pretrain,1,31,1984,0.636364,0.575676,0.697548,0.627513
pretrain,1,36,2304,0.618725,0.481081,0.757493,0.634921
pretrain,1,41,2624,0.626866,0.513514,0.741144,0.647619
pretrain,1,47,2953,0.614654,0.902703,0.324251,0.627513
pretrain,2,1,3017,0.594301,0.935135,0.250681,0.590476
pretrain,2,6,3337,0.584803,0.940541,0.226158,0.584127
pretrain,2,11,3657,0.641791,0.862162,0.419619,0.641270
pretrain,2,16,3977,0.681140,0.654054,0.708447,0.669841
pretrain,2,21,4297,0.687924,0.683784,0.692098,0.679365
pretrain,2,26,4617,0.683853,0.829730,0.536785,0.677249
pretrain,2,31,4937,0.682497,0.848649,0.514986,0.687831
pretrain,2,36,5257,0.690638,0.870270,0.509537,0.691005
pretrain,2,41,5577,0.731343,0.786486,0.675749,0.715344
pretrain,2,47,5906,0.742198,0.667568,0.817439,0.733333
pretrain,3,1,5970,0.747626,0.675676,0.820163,0.735450
pretrain,3,6,6290,0.747626,0.821622,0.673025,0.740741
pretrain,3,11,6610,0.742198,0.875676,0.607629,0.729101
pretrain,3,16,6930,0.734057,0.905405,0.561308,0.730159
pretrain,3,21,7250,0.670285,0.381081,0.961853,0.693122
pretrain,3,26,7570,0.739484,0.905405,0.572207,0.730159
pretrain,3,31,7890,0.750339,0.889189,0.610354,0.741799
pretrain,3,36,8210,0.691995,0.421622,0.964578,0.707937
pretrain,3,41,8530,0.735414,0.918919,0.550409,0.733333
pretrain,3,47,8859,0.763908,0.837838,0.689373,0.752381
pretrain,4,1,8923,0.784261,0.732432,0.836512,0.768254
pretrain,4,6,9243,0.739484,0.570270,0.910082,0.752381
pretrain,4,11,9563,0.770692,0.832432,0.708447,0.761905
pretrain,4,16,9883,0.773406,0.816216,0.730245,0.772487
pretrain,4,21,10203,0.774763,0.732432,0.817439,0.785185
pretrain,4,26,10523,0.773406,0.875676,0.670300,0.765079
pretrain,4,31,10843,0.780190,0.783784,0.776567,0.782011
pretrain,4,36,11163,0.785617,0.837838,0.732970,0.787302
pretrain,4,41,11483,0.778833,0.894595,0.662125,0.772487
pretrain,4,47,11812,0.789688,0.840541,0.738420,0.780952
pretrain,5,1,11876,0.791045,0.829730,0.752044,0.785185
pretrain,5,6,12196,0.784261,0.818919,0.749319,0.784127
pretrain,5,11,12516,0.789688,0.772973,0.806540,0.782011
pretrain,5,16,12836,0.792402,0.837838,0.746594,0.789418
pretrain,5,21,13156,0.780190,0.829730,0.730245,0.794709
pretrain,5,26,13476,0.785617,0.824324,0.746594,0.792593
pretrain,5,31,13796,0.792402,0.835135,0.749319,0.803175
pretrain,5,36,14116,0.793758,0.759459,0.828338,0.794709
pretrain,5,41,14436,0.792402,0.808108,0.776567,0.797884
pretrain,5,47,14765,0.785617,0.889189,0.681199,0.791534
pretrain,6,1,14829,0.785617,0.894595,0.675749,0.792593
pretrain,6,6,15149,0.777476,0.654054,0.901907,0.787302
pretrain,6,11,15469,0.807327,0.845946,0.768392,0.793651
pretrain,6,16,15789,0.785617,0.886486,0.683924,0.789418
pretrain,6,21,16109,0.800543,0.789189,0.811989,0.797884
pretrain,6,26,16429,0.780190,0.683784,0.877384,0.790476
pretrain,6,31,16749,0.795115,0.875676,0.713896,0.804233
pretrain,6,36,17069,0.792402,0.856757,0.727520,0.801058
pretrain,6,41,17389,0.796472,0.772973,0.820163,0.794709
pretrain,6,47,17718,0.799186,0.835135,0.762943,0.803175
pretrain,7,1,17782,0.793758,0.900000,0.686649,0.791534
pretrain,7,6,18102,0.757123,0.956757,0.555858,0.776720
pretrain,7,11,18422,0.805970,0.786486,0.825613,0.793651
pretrain,7,16,18742,0.803256,0.700000,0.907357,0.795767
pretrain,7,21,19062,0.803256,0.745946,0.861035,0.804233
pretrain,7,26,19382,0.807327,0.824324,0.790191,0.811640
pretrain,7,31,19702,0.804613,0.851351,0.757493,0.814815
pretrain,7,36,20022,0.795115,0.729730,0.861035,0.803175
pretrain,7,41,20342,0.803256,0.754054,0.852861,0.803175
pretrain,7,47,20671,0.770692,0.935135,0.604905,0.778836
pretrain,8,1,20735,0.765265,0.937838,0.591281,0.780952
pretrain,8,6,21055,0.800543,0.889189,0.711172,0.810582
pretrain,8,11,21375,0.805970,0.781081,0.831063,0.805291
pretrain,8,16,21695,0.812754,0.800000,0.825613,0.808466
pretrain,8,21,22015,0.808684,0.875676,0.741144,0.814815
pretrain,8,26,22335,0.807327,0.843243,0.771117,0.816931
pretrain,8,31,22655,0.811398,0.783784,0.839237,0.803175
pretrain,8,36,22975,0.820896,0.805405,0.836512,0.812698
pretrain,8,41,23295,0.796472,0.854054,0.738420,0.820106
pretrain,8,47,23624,0.811398,0.791892,0.831063,0.812698
pretrain,9,1,23688,0.808684,0.775676,0.841962,0.808466
pretrain,9,6,24008,0.803256,0.764865,0.841962,0.805291
pretrain,9,11,24328,0.811398,0.810811,0.811989,0.813757
pretrain,9,16,24648,0.791045,0.854054,0.727520,0.815873
pretrain,9,21,24968,0.796472,0.859459,0.732970,0.817989
pretrain,9,26,25288,0.801900,0.816216,0.787466,0.808466
pretrain,9,31,25608,0.810041,0.808108,0.811989,0.806349
pretrain,9,36,25928,0.804613,0.856757,0.752044,0.814815
pretrain,9,41,26248,0.793758,0.905405,0.681199,0.807407
pretrain,9,47,26577,0.803256,0.775676,0.831063,0.811640
pretrain,10,1,26641,0.796472,0.743243,0.850136,0.804233
pretrain,10,6,26961,0.805970,0.735135,0.877384,0.803175
pretrain,10,11,27281,0.799186,0.824324,0.773842,0.806349
pretrain,10,16,27601,0.793758,0.905405,0.681199,0.811640
pretrain,10,21,27921,0.797829,0.881081,0.713896,0.817989
pretrain,10,26,28241,0.811398,0.797297,0.825613,0.814815
pretrain,10,31,28561,0.814111,0.791892,0.836512,0.810582
pretrain,10,36,28881,0.807327,0.837838,0.776567,0.816931
pretrain,10,41,29201,0.800543,0.829730,0.771117,0.826455
pretrain,10,47,29530,0.810041,0.808108,0.811989,0.820106
pretrain,11,1,29594,0.811398,0.802703,0.820163,0.814815
pretrain,11,6,29914,0.807327,0.797297,0.817439,0.813757
pretrain,11,11,30234,0.801900,0.862162,0.741144,0.828571
pretrain,11,16,30554,0.803256,0.867568,0.738420,0.817989
pretrain,11,21,30874,0.819539,0.821622,0.817439,0.810582
pretrain,11,26,31194,0.811398,0.791892,0.831063,0.816931
pretrain,11,31,31514,0.818182,0.821622,0.814714,0.817989
pretrain,11,36,31834,0.805970,0.829730,0.782016,0.825397
pretrain,11,41,32154,0.801900,0.829730,0.773842,0.826455
pretrain,11,47,32483,0.805970,0.786486,0.825613,0.820106
pretrain,12,1,32547,0.801900,0.775676,0.828338,0.817989
pretrain,12,6,32867,0.800543,0.762162,0.839237,0.809524
pretrain,12,11,33187,0.815468,0.810811,0.820163,0.814815
pretrain,12,16,33507,0.811398,0.843243,0.779292,0.819048
pretrain,12,21,33827,0.800543,0.854054,0.746594,0.821164
pretrain,12,26,34147,0.800543,0.851351,0.749319,0.823280
pretrain,12,31,34467,0.795115,0.816216,0.773842,0.820106
pretrain,12,36,34787,0.807327,0.800000,0.814714,0.824339
pretrain,12,41,35107,0.816825,0.837838,0.795640,0.819048
pretrain,12,47,35436,0.812754,0.835135,0.790191,0.820106
pretrain,13,1,35500,0.807327,0.832432,0.782016,0.822222
pretrain,13,6,35820,0.807327,0.835135,0.779292,0.834921
pretrain,13,11,36140,0.801900,0.805405,0.798365,0.826455
pretrain,13,16,36460,0.805970,0.789189,0.822888,0.829630
pretrain,13,21,36780,0.805970,0.791892,0.820163,0.821164
pretrain,13,26,37100,0.808684,0.818919,0.798365,0.808466
pretrain,13,31,37420,0.805970,0.837838,0.773842,0.816931
pretrain,13,36,37740,0.793758,0.859459,0.727520,0.813757
pretrain,13,41,38060,0.793758,0.829730,0.757493,0.819048
pretrain,13,47,38389,0.803256,0.783784,0.822888,0.829630
pretrain,14,1,38453,0.801900,0.775676,0.828338,0.828571
pretrain,14,6,38773,0.807327,0.762162,0.852861,0.814815
pretrain,14,11,39093,0.804613,0.800000,0.809264,0.824339
pretrain,14,16,39413,0.797829,0.840541,0.754768,0.820106
pretrain,14,21,39733,0.795115,0.854054,0.735695,0.819048
pretrain,14,26,40053,0.797829,0.835135,0.760218,0.825397
pretrain,14,31,40373,0.800543,0.802703,0.798365,0.827513
pretrain,14,36,40693,0.792402,0.794595,0.790191,0.826455
pretrain,14,41,41013,0.801900,0.821622,0.782016,0.827513
pretrain,14,47,41342,0.801900,0.835135,0.768392,0.820106
pretrain,15,1,41406,0.799186,0.832432,0.765668,0.817989
pretrain,15,6,41726,0.797829,0.867568,0.727520,0.813757
pretrain,15,11,42046,0.788331,0.859459,0.716621,0.811640
pretrain,15,16,42366,0.792402,0.827027,0.757493,0.817989
pretrain,15,21,42686,0.810041,0.808108,0.811989,0.823280
pretrain,15,26,43006,0.801900,0.789189,0.814714,0.827513
pretrain,15,31,43326,0.803256,0.789189,0.817439,0.828571
pretrain,15,36,43646,0.804613,0.797297,0.811989,0.824339
pretrain,15,41,43966,0.800543,0.832432,0.768392,0.826455
pretrain,15,47,44295,0.799186,0.851351,0.746594,0.819048
pretrain,16,1,44359,0.803256,0.856757,0.749319,0.822222
pretrain,16,6,44679,0.804613,0.843243,0.765668,0.812698
pretrain,16,11,44999,0.808684,0.824324,0.792916,0.822222
pretrain,16,16,45319,0.803256,0.810811,0.795640,0.823280
pretrain,16,21,45639,0.795115,0.827027,0.762943,0.824339
pretrain,16,26,45959,0.800543,0.859459,0.741144,0.819048
pretrain,16,31,46279,0.797829,0.856757,0.738420,0.816931
pretrain,16,36,46599,0.811398,0.837838,0.784741,0.820106
pretrain,16,41,46919,0.807327,0.810811,0.803815,0.828571
pretrain,16,47,47248,0.801900,0.808108,0.795640,0.826455
pretrain,17,1,47312,0.799186,0.800000,0.798365,0.828571
pretrain,17,6,47632,0.799186,0.800000,0.798365,0.826455
pretrain,17,11,47952,0.796472,0.797297,0.795640,0.828571
pretrain,17,16,48272,0.804613,0.800000,0.809264,0.826455
pretrain,17,21,48592,0.804613,0.813514,0.795640,0.823280
pretrain,17,26,48912,0.793758,0.821622,0.765668,0.820106
pretrain,17,31,49232,0.793758,0.827027,0.760218,0.823280
pretrain,17,36,49552,0.788331,0.824324,0.752044,0.827513
pretrain,17,41,49872,0.797829,0.840541,0.754768,0.821164
pretrain,17,47,50201,0.793758,0.824324,0.762943,0.824339
pretrain,18,1,50265,0.795115,0.818919,0.771117,0.830688
pretrain,18,6,50585,0.797829,0.810811,0.784741,0.828571
pretrain,18,11,50905,0.797829,0.802703,0.792916,0.827513
pretrain,18,16,51225,0.797829,0.802703,0.792916,0.825397
pretrain,18,21,51545,0.799186,0.802703,0.795640,0.827513
pretrain,18,26,51865,0.804613,0.832432,0.776567,0.830688
pretrain,18,31,52185,0.792402,0.829730,0.754768,0.827513
pretrain,18,36,52505,0.793758,0.824324,0.762943,0.824339
pretrain,18,41,52825,0.796472,0.829730,0.762943,0.824339
pretrain,18,47,53154,0.804613,0.827027,0.782016,0.822222
pretrain,19,1,53218,0.805970,0.824324,0.787466,0.823280
pretrain,19,6,53538,0.812754,0.816216,0.809264,0.822222
pretrain,19,11,53858,0.805970,0.824324,0.787466,0.826455
pretrain,19,16,54178,0.797829,0.835135,0.760218,0.826455
pretrain,19,21,54498,0.795115,0.837838,0.752044,0.823280
pretrain,19,26,54818,0.793758,0.835135,0.752044,0.828571
pretrain,19,31,55138,0.796472,0.832432,0.760218,0.827513
pretrain,19,36,55458,0.804613,0.824324,0.784741,0.831746
pretrain,19,41,55778,0.805970,0.816216,0.795640,0.830688
pretrain,19,47,56107,0.807327,0.808108,0.806540,0.826455
pretrain,20,1,56171,0.807327,0.802703,0.811989,0.826455
pretrain,20,6,56491,0.812754,0.800000,0.825613,0.824339
pretrain,20,11,56811,0.814111,0.808108,0.820163,0.823280
pretrain,20,16,57131,0.801900,0.816216,0.787466,0.825397
pretrain,20,21,57451,0.799186,0.832432,0.765668,0.823280
pretrain,20,26,57771,0.796472,0.845946,0.746594,0.822222
pretrain,20,31,58091,0.796472,0.851351,0.741144,0.824339
pretrain,20,36,58411,0.791045,0.848649,0.732970,0.823280
pretrain,20,41,58731,0.799186,0.843243,0.754768,0.830688
pretrain,20,47,59060,0.799186,0.805405,0.792916,0.834921
