Phase,Epoch,BatchIdx,SamplesSeen,Val_Accuracy,Class0_Accuracy,Class1_Accuracy,Test_Accuracy
pretrain,1,1,64,0.504749,1.000000,0.000000,0.499471
pretrain,1,6,384,0.504749,1.000000,0.000000,0.499471
pretrain,1,11,704,0.506106,1.000000,0.002740,0.499471
pretrain,1,16,1024,0.516961,0.973118,0.052055,0.502646
pretrain,1,21,1344,0.533243,0.962366,0.095890,0.524868
pretrain,1,26,1664,0.571235,0.900538,0.235616,0.551323
pretrain,1,31,1984,0.621438,0.548387,0.695890,0.619048
pretrain,1,36,2304,0.670285,0.698925,0.641096,0.622222
pretrain,1,41,2624,0.578019,0.911290,0.238356,0.559788
pretrain,1,47,2953,0.573948,0.948925,0.191781,0.550265
pretrain,2,1,3017,0.573948,0.922043,0.219178,0.567196
pretrain,2,6,3337,0.586160,0.913978,0.252055,0.578836
pretrain,2,11,3657,0.572592,0.951613,0.186301,0.558730
pretrain,2,16,3977,0.639077,0.889785,0.383562,0.613757
pretrain,2,21,4297,0.672999,0.491935,0.857534,0.640212
pretrain,2,26,4617,0.671642,0.473118,0.873973,0.643386
pretrain,2,31,4937,0.742198,0.817204,0.665753,0.655026
pretrain,2,36,5257,0.739484,0.838710,0.638356,0.659259
pretrain,2,41,5577,0.742198,0.674731,0.810959,0.718519
pretrain,2,47,5906,0.677069,0.432796,0.926027,0.658201
pretrain,3,1,5970,0.662144,0.395161,0.934247,0.634921
pretrain,3,6,6290,0.738128,0.905914,0.567123,0.673016
pretrain,3,11,6610,0.753053,0.868280,0.635616,0.696296
pretrain,3,16,6930,0.689281,0.491935,0.890411,0.671958
pretrain,3,21,7250,0.776119,0.793011,0.758904,0.733333
pretrain,3,26,7570,0.777476,0.836022,0.717808,0.735450
pretrain,3,31,7890,0.769335,0.631720,0.909589,0.699471
pretrain,3,36,8210,0.799186,0.862903,0.734247,0.741799
pretrain,3,41,8530,0.797829,0.790323,0.805479,0.756614
pretrain,3,47,8859,0.797829,0.803763,0.791781,0.753439
pretrain,4,1,8923,0.800543,0.750000,0.852055,0.762963
pretrain,4,6,9243,0.800543,0.803763,0.797260,0.770370
pretrain,4,11,9563,0.797829,0.779570,0.816438,0.758730
pretrain,4,16,9883,0.795115,0.766129,0.824658,0.769312
pretrain,4,21,10203,0.804613,0.865591,0.742466,0.740741
pretrain,4,26,10523,0.801900,0.849462,0.753425,0.759788
pretrain,4,31,10843,0.793758,0.774194,0.813699,0.744974
pretrain,4,36,11163,0.797829,0.817204,0.778082,0.740741
pretrain,4,41,11483,0.789688,0.709677,0.871233,0.746032
pretrain,4,47,11812,0.800543,0.801075,0.800000,0.757672
pretrain,5,1,11876,0.803256,0.811828,0.794521,0.764021
pretrain,5,6,12196,0.814111,0.879032,0.747945,0.750265
pretrain,5,11,12516,0.811398,0.768817,0.854795,0.764021
pretrain,5,16,12836,0.824966,0.825269,0.824658,0.767196
pretrain,5,21,13156,0.819539,0.857527,0.780822,0.754497
pretrain,5,26,13476,0.811398,0.787634,0.835616,0.769312
pretrain,5,31,13796,0.797829,0.723118,0.873973,0.752381
pretrain,5,36,14116,0.814111,0.838710,0.789041,0.759788
pretrain,5,41,14436,0.791045,0.908602,0.671233,0.728042
pretrain,5,47,14765,0.792402,0.693548,0.893151,0.750265
pretrain,6,1,14829,0.793758,0.704301,0.884932,0.759788
pretrain,6,6,15149,0.820896,0.822581,0.819178,0.775661
pretrain,6,11,15469,0.815468,0.819892,0.810959,0.765079
pretrain,6,16,15789,0.812754,0.827957,0.797260,0.764021
pretrain,6,21,16109,0.815468,0.809140,0.821918,0.780952
pretrain,6,26,16429,0.804613,0.760753,0.849315,0.767196
pretrain,6,31,16749,0.815468,0.833333,0.797260,0.774603
pretrain,6,36,17069,0.807327,0.811828,0.802740,0.783069
pretrain,6,41,17389,0.793758,0.725806,0.863014,0.760847
pretrain,6,47,17718,0.797829,0.784946,0.810959,0.760847
pretrain,7,1,17782,0.810041,0.827957,0.791781,0.764021
pretrain,7,6,18102,0.799186,0.854839,0.742466,0.759788
pretrain,7,11,18422,0.807327,0.830645,0.783562,0.757672
pretrain,7,16,18742,0.795115,0.758065,0.832877,0.767196
pretrain,7,21,19062,0.808684,0.830645,0.786301,0.771429
pretrain,7,26,19382,0.815468,0.844086,0.786301,0.774603
pretrain,7,31,19702,0.815468,0.787634,0.843836,0.791534
pretrain,7,36,20022,0.822252,0.817204,0.827397,0.782011
pretrain,7,41,20342,0.822252,0.798387,0.846575,0.782011
pretrain,7,47,20671,0.796472,0.739247,0.854795,0.779894
pretrain,8,1,20735,0.778833,0.677419,0.882192,0.760847
pretrain,8,6,21055,0.777476,0.669355,0.887671,0.755556
pretrain,8,11,21375,0.816825,0.838710,0.794521,0.780952
pretrain,8,16,21695,0.815468,0.822581,0.808219,0.777778
pretrain,8,21,22015,0.799186,0.771505,0.827397,0.771429
pretrain,8,26,22335,0.808684,0.779570,0.838356,0.779894
pretrain,8,31,22655,0.801900,0.755376,0.849315,0.780952
pretrain,8,36,22975,0.800543,0.758065,0.843836,0.778836
pretrain,8,41,23295,0.804613,0.793011,0.816438,0.764021
pretrain,8,47,23624,0.808684,0.849462,0.767123,0.769312
pretrain,9,1,23688,0.801900,0.857527,0.745205,0.764021
pretrain,9,6,24008,0.808684,0.860215,0.756164,0.774603
pretrain,9,11,24328,0.808684,0.825269,0.791781,0.788360
pretrain,9,16,24648,0.814111,0.833333,0.794521,0.778836
pretrain,9,21,24968,0.810041,0.768817,0.852055,0.773545
pretrain,9,26,25288,0.810041,0.733871,0.887671,0.757672
pretrain,9,31,25608,0.812754,0.801075,0.824658,0.777778
pretrain,9,36,25928,0.810041,0.825269,0.794521,0.782011
pretrain,9,41,26248,0.815468,0.811828,0.819178,0.795767
pretrain,9,47,26577,0.812754,0.774194,0.852055,0.790476
pretrain,10,1,26641,0.811398,0.760753,0.863014,0.776720
pretrain,10,6,26961,0.799186,0.720430,0.879452,0.771429
pretrain,10,11,27281,0.805970,0.728495,0.884932,0.779894
pretrain,10,16,27601,0.819539,0.795699,0.843836,0.797884
pretrain,10,21,27921,0.812754,0.865591,0.758904,0.772487
pretrain,10,26,28241,0.820896,0.836022,0.805479,0.783069
pretrain,10,31,28561,0.812754,0.801075,0.824658,0.786243
pretrain,10,36,28881,0.814111,0.803763,0.824658,0.779894
pretrain,10,41,29201,0.822252,0.798387,0.846575,0.792593
pretrain,10,47,29530,0.811398,0.814516,0.808219,0.787302
pretrain,11,1,29594,0.814111,0.830645,0.797260,0.777778
pretrain,11,6,29914,0.808684,0.830645,0.786301,0.773545
pretrain,11,11,30234,0.815468,0.809140,0.821918,0.773545
pretrain,11,16,30554,0.826323,0.784946,0.868493,0.774603
pretrain,11,21,30874,0.814111,0.741935,0.887671,0.777778
pretrain,11,26,31194,0.820896,0.793011,0.849315,0.785185
pretrain,11,31,31514,0.819539,0.806452,0.832877,0.772487
pretrain,11,36,31834,0.816825,0.809140,0.824658,0.767196
pretrain,11,41,32154,0.818182,0.830645,0.805479,0.774603
pretrain,11,47,32483,0.816825,0.825269,0.808219,0.785185
pretrain,12,1,32547,0.814111,0.814516,0.813699,0.777778
pretrain,12,6,32867,0.819539,0.790323,0.849315,0.778836
pretrain,12,11,33187,0.822252,0.768817,0.876712,0.769312
pretrain,12,16,33507,0.815468,0.782258,0.849315,0.771429
pretrain,12,21,33827,0.812754,0.822581,0.802740,0.776720
pretrain,12,26,34147,0.812754,0.806452,0.819178,0.784127
pretrain,12,31,34467,0.812754,0.760753,0.865753,0.777778
pretrain,12,36,34787,0.814111,0.784946,0.843836,0.782011
pretrain,12,41,35107,0.815468,0.827957,0.802740,0.783069
pretrain,12,47,35436,0.814111,0.825269,0.802740,0.773545
pretrain,13,1,35500,0.812754,0.825269,0.800000,0.775661
pretrain,13,6,35820,0.816825,0.811828,0.821918,0.782011
pretrain,13,11,36140,0.824966,0.811828,0.838356,0.788360
pretrain,13,16,36460,0.819539,0.801075,0.838356,0.792593
pretrain,13,21,36780,0.818182,0.787634,0.849315,0.795767
pretrain,13,26,37100,0.818182,0.776882,0.860274,0.789418
pretrain,13,31,37420,0.819539,0.784946,0.854795,0.779894
pretrain,13,36,37740,0.819539,0.758065,0.882192,0.776720
pretrain,13,41,38060,0.812754,0.787634,0.838356,0.776720
pretrain,13,47,38389,0.820896,0.784946,0.857534,0.761905
pretrain,14,1,38453,0.816825,0.776882,0.857534,0.760847
pretrain,14,6,38773,0.811398,0.779570,0.843836,0.752381
pretrain,14,11,39093,0.815468,0.798387,0.832877,0.761905
pretrain,14,16,39413,0.814111,0.801075,0.827397,0.773545
pretrain,14,21,39733,0.818182,0.817204,0.819178,0.788360
pretrain,14,26,40053,0.808684,0.822581,0.794521,0.793651
pretrain,14,31,40373,0.814111,0.803763,0.824658,0.788360
pretrain,14,36,40693,0.810041,0.771505,0.849315,0.787302
pretrain,14,41,41013,0.812754,0.768817,0.857534,0.783069
pretrain,14,47,41342,0.819539,0.787634,0.852055,0.778836
pretrain,15,1,41406,0.820896,0.798387,0.843836,0.786243
pretrain,15,6,41726,0.815468,0.806452,0.824658,0.792593
pretrain,15,11,42046,0.818182,0.798387,0.838356,0.795767
pretrain,15,16,42366,0.815468,0.776882,0.854795,0.787302
pretrain,15,21,42686,0.819539,0.782258,0.857534,0.795767
pretrain,15,26,43006,0.822252,0.793011,0.852055,0.792593
pretrain,15,31,43326,0.819539,0.793011,0.846575,0.793651
pretrain,15,36,43646,0.816825,0.798387,0.835616,0.787302
pretrain,15,41,43966,0.810041,0.817204,0.802740,0.785185
pretrain,15,47,44295,0.808684,0.838710,0.778082,0.787302
pretrain,16,1,44359,0.810041,0.841398,0.778082,0.788360
pretrain,16,6,44679,0.816825,0.819892,0.813699,0.795767
pretrain,16,11,44999,0.818182,0.784946,0.852055,0.794709
pretrain,16,16,45319,0.815468,0.763441,0.868493,0.783069
pretrain,16,21,45639,0.811398,0.795699,0.827397,0.795767
pretrain,16,26,45959,0.815468,0.833333,0.797260,0.786243
pretrain,16,31,46279,0.818182,0.814516,0.821918,0.787302
pretrain,16,36,46599,0.816825,0.795699,0.838356,0.786243
pretrain,16,41,46919,0.812754,0.779570,0.846575,0.771429
pretrain,16,47,47248,0.811398,0.771505,0.852055,0.775661
pretrain,17,1,47312,0.811398,0.766129,0.857534,0.778836
pretrain,17,6,47632,0.810041,0.774194,0.846575,0.768254
pretrain,17,11,47952,0.816825,0.787634,0.846575,0.783069
pretrain,17,16,48272,0.815468,0.787634,0.843836,0.772487
pretrain,17,21,48592,0.812754,0.801075,0.824658,0.778836
pretrain,17,26,48912,0.804613,0.803763,0.805479,0.791534
pretrain,17,31,49232,0.808684,0.814516,0.802740,0.787302
pretrain,17,36,49552,0.805970,0.819892,0.791781,0.793651
pretrain,17,41,49872,0.807327,0.811828,0.802740,0.793651
pretrain,17,47,50201,0.815468,0.793011,0.838356,0.796825
pretrain,18,1,50265,0.812754,0.787634,0.838356,0.803175
pretrain,18,6,50585,0.808684,0.774194,0.843836,0.796825
pretrain,18,11,50905,0.811398,0.771505,0.852055,0.792593
pretrain,18,16,51225,0.810041,0.790323,0.830137,0.791534
pretrain,18,21,51545,0.818182,0.819892,0.816438,0.795767
pretrain,18,26,51865,0.812754,0.806452,0.819178,0.801058
pretrain,18,31,52185,0.811398,0.795699,0.827397,0.793651
pretrain,18,36,52505,0.811398,0.795699,0.827397,0.791534
pretrain,18,41,52825,0.805970,0.787634,0.824658,0.791534
pretrain,18,47,53154,0.807327,0.793011,0.821918,0.785185
pretrain,19,1,53218,0.810041,0.793011,0.827397,0.786243
pretrain,19,6,53538,0.810041,0.776882,0.843836,0.772487
pretrain,19,11,53858,0.801900,0.766129,0.838356,0.769312
pretrain,19,16,54178,0.808684,0.782258,0.835616,0.777778
pretrain,19,21,54498,0.807327,0.795699,0.819178,0.788360
pretrain,19,26,54818,0.807327,0.795699,0.819178,0.793651
pretrain,19,31,55138,0.810041,0.803763,0.816438,0.795767
pretrain,19,36,55458,0.810041,0.817204,0.802740,0.791534
pretrain,19,41,55778,0.810041,0.819892,0.800000,0.788360
pretrain,19,47,56107,0.808684,0.801075,0.816438,0.789418
pretrain,20,1,56171,0.807327,0.806452,0.808219,0.789418
pretrain,20,6,56491,0.810041,0.806452,0.813699,0.795767
pretrain,20,11,56811,0.811398,0.803763,0.819178,0.789418
pretrain,20,16,57131,0.811398,0.809140,0.813699,0.790476
pretrain,20,21,57451,0.810041,0.793011,0.827397,0.782011
pretrain,20,26,57771,0.805970,0.784946,0.827397,0.783069
pretrain,20,31,58091,0.807327,0.790323,0.824658,0.780952
pretrain,20,36,58411,0.804613,0.787634,0.821918,0.791534
pretrain,20,41,58731,0.810041,0.806452,0.813699,0.789418
pretrain,20,47,59060,0.815468,0.817204,0.813699,0.792593
