Phase,Epoch,BatchIdx,SamplesSeen,Val_Accuracy,Class0_Accuracy,Class1_Accuracy,Test_Accuracy,LTP_crossings,LTD_crossings
finetune,0,0,0,0.753053,0.655914,0.852055,0.731217
finetune,1,1,64,0.753053,0.655914,0.852055,0.731217,0,0
finetune,1,6,384,0.753053,0.655914,0.852055,0.731217,0,0
finetune,1,11,704,0.753053,0.655914,0.852055,0.731217,0,0
finetune,1,16,1024,0.761194,0.763441,0.758904,0.750265,351,1223
finetune,1,21,1344,0.759837,0.895161,0.621918,0.710053,8013,14121
finetune,1,26,1664,0.773406,0.811828,0.734247,0.744974,15960,24611
finetune,1,31,1984,0.773406,0.793011,0.753425,0.751323,22447,33413
finetune,1,36,2304,0.797829,0.787634,0.808219,0.759788,27212,40369
finetune,1,41,2624,0.818182,0.830645,0.805479,0.759788,32237,46722
finetune,1,47,2953,0.799186,0.849462,0.747945,0.759788,38612,53702
finetune,2,1,3017,0.805970,0.865591,0.745205,0.748148,991,1093
finetune,2,6,3337,0.810041,0.870968,0.747945,0.751323,5670,6033
finetune,2,11,3657,0.807327,0.827957,0.786301,0.757672,9825,10290
finetune,2,16,3977,0.804613,0.790323,0.819178,0.759788,13684,14312
finetune,2,21,4297,0.810041,0.817204,0.802740,0.755556,17416,17983
finetune,2,26,4617,0.800543,0.857527,0.742466,0.756614,20858,21106
finetune,2,31,4937,0.803256,0.844086,0.761644,0.752381,24151,23976
finetune,2,36,5257,0.814111,0.830645,0.797260,0.757672,27329,26630
finetune,2,41,5577,0.815468,0.838710,0.791781,0.767196,30564,29050
finetune,2,47,5906,0.796472,0.771505,0.821918,0.778836,34690,32026
finetune,3,1,5970,0.800543,0.766129,0.835616,0.774603,733,570
finetune,3,6,6290,0.797829,0.725806,0.871233,0.765079,4016,3224
finetune,3,11,6610,0.791045,0.712366,0.871233,0.762963,6652,5609
finetune,3,16,6930,0.791045,0.741935,0.841096,0.765079,9239,7862
finetune,3,21,7250,0.801900,0.784946,0.819178,0.780952,12042,10324
finetune,3,26,7570,0.819539,0.846774,0.791781,0.772487,14454,12677
finetune,3,31,7890,0.818182,0.860215,0.775342,0.773545,16817,14965
finetune,3,36,8210,0.814111,0.854839,0.772603,0.774603,18847,17148
finetune,3,41,8530,0.811398,0.846774,0.775342,0.772487,20730,19152
finetune,3,47,8859,0.815468,0.817204,0.813699,0.778836,23278,21835
finetune,4,1,8923,0.814111,0.811828,0.816438,0.777778,488,499
finetune,4,6,9243,0.811398,0.801075,0.821918,0.780952,2837,2760
finetune,4,11,9563,0.803256,0.758065,0.849315,0.776720,5297,4952
finetune,4,16,9883,0.799186,0.741935,0.857534,0.775661,7339,6834
finetune,4,21,10203,0.803256,0.752688,0.854795,0.776720,9344,8669
finetune,4,26,10523,0.808684,0.790323,0.827397,0.782011,11245,10622
finetune,4,31,10843,0.810041,0.814516,0.805479,0.786243,13057,12414
finetune,4,36,11163,0.810041,0.830645,0.789041,0.779894,14667,14092
finetune,4,41,11483,0.810041,0.836022,0.783562,0.785185,16337,15666
finetune,4,47,11812,0.815468,0.836022,0.794521,0.783069,18346,17727
finetune,5,1,11876,0.807327,0.822581,0.791781,0.780952,364,421
finetune,5,6,12196,0.814111,0.814516,0.813699,0.775661,2167,2396
finetune,5,11,12516,0.816825,0.814516,0.819178,0.780952,3730,4153
finetune,5,16,12836,0.810041,0.809140,0.810959,0.780952,5229,5674
finetune,5,21,13156,0.811398,0.806452,0.816438,0.779894,6722,7208
finetune,5,26,13476,0.812754,0.819892,0.805479,0.774603,8374,8768
finetune,5,31,13796,0.812754,0.814516,0.810959,0.773545,9917,10218
finetune,5,36,14116,0.811398,0.798387,0.824658,0.772487,11338,11628
finetune,5,41,14436,0.814111,0.798387,0.830137,0.774603,12890,13198
finetune,5,47,14765,0.816825,0.793011,0.841096,0.773545,14861,15110
finetune,6,1,14829,0.811398,0.790323,0.832877,0.784127,378,365
finetune,6,6,15149,0.815468,0.811828,0.819178,0.783069,2170,2116
finetune,6,11,15469,0.815468,0.819892,0.810959,0.775661,3829,3805
finetune,6,16,15789,0.811398,0.798387,0.824658,0.784127,5495,5320
finetune,6,21,16109,0.807327,0.774194,0.841096,0.780952,7244,6901
finetune,6,26,16429,0.805970,0.779570,0.832877,0.783069,8969,8572
finetune,6,31,16749,0.812754,0.803763,0.821918,0.775661,10715,10238
finetune,6,36,17069,0.812754,0.825269,0.800000,0.773545,12366,11722
finetune,6,41,17389,0.812754,0.836022,0.789041,0.765079,13994,13120
finetune,6,47,17718,0.815468,0.838710,0.791781,0.769312,15771,14667
finetune,7,1,17782,0.810041,0.825269,0.794521,0.775661,344,300
finetune,7,6,18102,0.808684,0.806452,0.810959,0.779894,1971,1792
finetune,7,11,18422,0.807327,0.782258,0.832877,0.775661,3682,3274
finetune,7,16,18742,0.804613,0.776882,0.832877,0.778836,5181,4724
finetune,7,21,19062,0.811398,0.790323,0.832877,0.784127,6662,6020
finetune,7,26,19382,0.808684,0.795699,0.821918,0.784127,7981,7198
finetune,7,31,19702,0.805970,0.798387,0.813699,0.779894,9202,8487
finetune,7,36,20022,0.805970,0.806452,0.805479,0.777778,10561,9686
finetune,7,41,20342,0.804613,0.822581,0.786301,0.774603,11825,10825
finetune,7,47,20671,0.807327,0.811828,0.802740,0.773545,13219,12213
finetune,8,1,20735,0.804613,0.806452,0.802740,0.771429,266,249
finetune,8,6,21055,0.801900,0.795699,0.808219,0.769312,1528,1445
finetune,8,11,21375,0.803256,0.790323,0.816438,0.766138,2862,2683
finetune,8,16,21695,0.801900,0.790323,0.813699,0.772487,4175,3933
finetune,8,21,22015,0.800543,0.776882,0.824658,0.767196,5563,5246
finetune,8,26,22335,0.799186,0.771505,0.827397,0.764021,6770,6461
finetune,8,31,22655,0.804613,0.771505,0.838356,0.766138,8004,7608
finetune,8,36,22975,0.801900,0.776882,0.827397,0.762963,9082,8664
finetune,8,41,23295,0.805970,0.795699,0.816438,0.773545,10202,9800
finetune,8,47,23624,0.800543,0.795699,0.805479,0.776720,11558,11252
finetune,9,1,23688,0.805970,0.806452,0.805479,0.777778,232,251
finetune,9,6,24008,0.811398,0.825269,0.797260,0.785185,1265,1493
finetune,9,11,24328,0.808684,0.819892,0.797260,0.782011,2344,2647
finetune,9,16,24648,0.805970,0.814516,0.797260,0.787302,3359,3754
finetune,9,21,24968,0.807327,0.811828,0.802740,0.780952,4326,4838
finetune,9,26,25288,0.805970,0.811828,0.800000,0.782011,5178,5819
finetune,9,31,25608,0.805970,0.811828,0.800000,0.783069,6057,6810
finetune,9,36,25928,0.805970,0.806452,0.805479,0.783069,7042,7756
finetune,9,41,26248,0.808684,0.809140,0.808219,0.782011,8157,8696
finetune,9,47,26577,0.805970,0.771505,0.841096,0.789418,9710,10100
finetune,10,1,26641,0.803256,0.768817,0.838356,0.785185,233,238
finetune,10,6,26961,0.801900,0.750000,0.854795,0.783069,1537,1575
finetune,10,11,27281,0.805970,0.741935,0.871233,0.778836,2512,2709
finetune,10,16,27601,0.801900,0.755376,0.849315,0.779894,3419,3783
finetune,10,21,27921,0.805970,0.771505,0.841096,0.789418,4292,4890
finetune,10,26,28241,0.805970,0.790323,0.821918,0.787302,5137,5886
finetune,10,31,28561,0.801900,0.803763,0.800000,0.794709,6016,6889
finetune,10,36,28881,0.800543,0.822581,0.778082,0.777778,7113,8089
finetune,10,41,29201,0.796472,0.827957,0.764384,0.771429,8167,9175
finetune,10,47,29530,0.795115,0.827957,0.761644,0.769312,9287,10279
