Phase,Epoch,BatchIdx,SamplesSeen,Val_Accuracy,Class0_Accuracy,Class1_Accuracy,Test_Accuracy,LTP_crossings,LTD_crossings
finetune,0,0,0,0.686567,0.398922,0.978142,0.718519
finetune,1,1,64,0.686567,0.398922,0.978142,0.718519,0,0
finetune,1,6,384,0.686567,0.398922,0.978142,0.718519,0,0
finetune,1,11,704,0.686567,0.398922,0.978142,0.718519,0,0
finetune,1,16,1024,0.766621,0.814016,0.718579,0.757672,3054,2171
finetune,1,21,1344,0.666214,0.951482,0.377049,0.687831,15246,13593
finetune,1,26,1664,0.704206,0.908356,0.497268,0.710053,22136,20903
finetune,1,31,1984,0.739484,0.840970,0.636612,0.743915,27657,27836
finetune,1,36,2304,0.769335,0.803235,0.734973,0.765079,32252,33175
finetune,1,41,2624,0.782904,0.781671,0.784153,0.770370,36321,37710
finetune,1,47,2953,0.781547,0.789757,0.773224,0.790476,41237,42999
finetune,2,1,3017,0.781547,0.800539,0.762295,0.795767,828,868
finetune,2,6,3337,0.788331,0.789757,0.786885,0.788360,5213,5471
finetune,2,11,3657,0.791045,0.784367,0.797814,0.795767,9590,9813
finetune,2,16,3977,0.774763,0.819407,0.729508,0.793651,14044,14152
finetune,2,21,4297,0.778833,0.846361,0.710383,0.798942,18360,17895
finetune,2,26,4617,0.784261,0.835580,0.732240,0.791534,22533,21492
finetune,2,31,4937,0.795115,0.746631,0.844262,0.800000,26209,25137
finetune,2,36,5257,0.781547,0.692722,0.871585,0.820106,29689,28523
finetune,2,41,5577,0.782904,0.735849,0.830601,0.812698,32470,31466
finetune,2,47,5906,0.793758,0.803235,0.784153,0.788360,36178,35039
finetune,3,1,5970,0.792402,0.808625,0.775956,0.789418,690,637
finetune,3,6,6290,0.791045,0.849057,0.732240,0.794709,3741,3697
finetune,3,11,6610,0.797829,0.851752,0.743169,0.798942,6182,6246
finetune,3,16,6930,0.797829,0.835580,0.759563,0.792593,8532,8687
finetune,3,21,7250,0.797829,0.797844,0.797814,0.794709,11001,11356
finetune,3,26,7570,0.777476,0.716981,0.838798,0.822222,14022,14589
finetune,3,31,7890,0.772049,0.725067,0.819672,0.815873,16336,17268
finetune,3,36,8210,0.766621,0.746631,0.786885,0.811640,18525,19809
finetune,3,41,8530,0.773406,0.811321,0.734973,0.802116,21009,22751
finetune,3,47,8859,0.792402,0.835580,0.748634,0.796825,24311,26263
finetune,4,1,8923,0.796472,0.830189,0.762295,0.797884,553,594
finetune,4,6,9243,0.810041,0.814016,0.806011,0.780952,3369,3483
finetune,4,11,9563,0.811398,0.805930,0.816940,0.790476,5572,5763
finetune,4,16,9883,0.808684,0.797844,0.819672,0.791534,7511,7702
finetune,4,21,10203,0.805970,0.778976,0.833333,0.801058,9257,9620
finetune,4,26,10523,0.803256,0.762803,0.844262,0.807407,11180,11705
finetune,4,31,10843,0.793758,0.746631,0.841530,0.806349,13189,13763
finetune,4,36,11163,0.789688,0.741240,0.838798,0.812698,14988,15642
finetune,4,41,11483,0.785617,0.768194,0.803279,0.815873,17093,17692
finetune,4,47,11812,0.797829,0.797844,0.797814,0.806349,19544,20102
finetune,5,1,11876,0.801900,0.811321,0.792350,0.803175,465,397
finetune,5,6,12196,0.791045,0.808625,0.773224,0.796825,2498,2482
finetune,5,11,12516,0.801900,0.819407,0.784153,0.793651,4330,4404
finetune,5,16,12836,0.801900,0.795148,0.808743,0.795767,5894,6180
finetune,5,21,13156,0.792402,0.752022,0.833333,0.811640,7709,8101
finetune,5,26,13476,0.786974,0.733154,0.841530,0.822222,9372,9932
finetune,5,31,13796,0.793758,0.746631,0.841530,0.820106,11083,11591
finetune,5,36,14116,0.795115,0.760108,0.830601,0.815873,12747,13104
finetune,5,41,14436,0.797829,0.765499,0.830601,0.815873,14472,14750
finetune,5,47,14765,0.807327,0.789757,0.825137,0.807407,16721,16705
finetune,6,1,14829,0.805970,0.787062,0.825137,0.805291,398,321
finetune,6,6,15149,0.799186,0.797844,0.800546,0.808466,2214,2090
finetune,6,11,15469,0.800543,0.789757,0.811475,0.814815,3856,3658
finetune,6,16,15789,0.792402,0.776280,0.808743,0.819048,5462,5152
finetune,6,21,16109,0.789688,0.768194,0.811475,0.822222,7111,6614
finetune,6,26,16429,0.795115,0.754717,0.836066,0.823280,8828,8152
finetune,6,31,16749,0.799186,0.752022,0.846995,0.820106,10465,9550
finetune,6,36,17069,0.800543,0.762803,0.838798,0.820106,12170,11002
finetune,6,41,17389,0.803256,0.773585,0.833333,0.815873,13831,12465
finetune,6,47,17718,0.807327,0.800539,0.814208,0.813757,15969,14193
finetune,7,1,17782,0.805970,0.792453,0.819672,0.813757,307,280
finetune,7,6,18102,0.812754,0.822102,0.803279,0.808466,1985,1838
finetune,7,11,18422,0.814111,0.843666,0.784153,0.812698,3456,3237
finetune,7,16,18742,0.816825,0.854447,0.778689,0.811640,4732,4540
finetune,7,21,19062,0.812754,0.835580,0.789617,0.813757,6089,5839
finetune,7,26,19382,0.803256,0.805930,0.800546,0.817989,7599,7432
finetune,7,31,19702,0.800543,0.746631,0.855191,0.827513,9805,9465
finetune,7,36,20022,0.786974,0.698113,0.877049,0.829630,11557,11169
finetune,7,41,20342,0.782904,0.684636,0.882514,0.825397,12674,12305
finetune,7,47,20671,0.789688,0.708895,0.871585,0.827513,14096,13672
finetune,8,1,20735,0.792402,0.711590,0.874317,0.824339,255,258
finetune,8,6,21055,0.801900,0.735849,0.868852,0.831746,1692,1648
finetune,8,11,21375,0.807327,0.765499,0.849727,0.819048,3380,3098
finetune,8,16,21695,0.810041,0.811321,0.808743,0.812698,5013,4510
finetune,8,21,22015,0.812754,0.835580,0.789617,0.804233,6368,5717
finetune,8,26,22335,0.810041,0.840970,0.778689,0.805291,7680,6726
finetune,8,31,22655,0.805970,0.843666,0.767760,0.807407,8985,7858
finetune,8,36,22975,0.812754,0.840970,0.784153,0.808466,10353,9051
finetune,8,41,23295,0.804613,0.824798,0.784153,0.810582,12046,10485
finetune,8,47,23624,0.795115,0.784367,0.806011,0.810582,14049,12542
finetune,9,1,23688,0.796472,0.781671,0.811475,0.813757,394,352
finetune,9,6,24008,0.788331,0.754717,0.822404,0.817989,2319,2199
finetune,9,11,24328,0.792402,0.762803,0.822404,0.822222,4145,3832
finetune,9,16,24648,0.792402,0.765499,0.819672,0.816931,5525,5125
finetune,9,21,24968,0.793758,0.781671,0.806011,0.817989,6818,6310
finetune,9,26,25288,0.796472,0.781671,0.811475,0.819048,8055,7505
finetune,9,31,25608,0.797829,0.787062,0.808743,0.820106,9246,8644
finetune,9,36,25928,0.800543,0.789757,0.811475,0.817989,10217,9562
finetune,9,41,26248,0.796472,0.784367,0.808743,0.817989,11247,10526
finetune,9,47,26577,0.796472,0.773585,0.819672,0.826455,12648,11757
finetune,10,1,26641,0.791045,0.760108,0.822404,0.822222,260,244
finetune,10,6,26961,0.797829,0.752022,0.844262,0.823280,1591,1466
finetune,10,11,27281,0.800543,0.743935,0.857923,0.825397,2849,2699
finetune,10,16,27601,0.793758,0.725067,0.863388,0.825397,3951,3782
finetune,10,21,27921,0.789688,0.730458,0.849727,0.828571,4933,4801
finetune,10,26,28241,0.795115,0.752022,0.838798,0.820106,5900,5804
finetune,10,31,28561,0.795115,0.770889,0.819672,0.822222,6871,6894
finetune,10,36,28881,0.797829,0.805930,0.789617,0.814815,7716,7854
finetune,10,41,29201,0.796472,0.816712,0.775956,0.814815,8436,8581
finetune,10,47,29530,0.807327,0.822102,0.792350,0.813757,9322,9458
