Phase,Epoch,BatchIdx,SamplesSeen,Val_Accuracy,Class0_Accuracy,Class1_Accuracy,Test_Accuracy,LTP_crossings,LTD_crossings
pretrain,1,1,64,0.518072,0.984085,0.043243,0.516667,0,0
pretrain,1,6,384,0.516734,0.986737,0.037838,0.513333,0,0
pretrain,1,11,704,0.520750,0.984085,0.048649,0.512222,0,0
pretrain,1,16,1024,0.516734,0.981432,0.043243,0.515556,5,0
pretrain,1,21,1344,0.530120,0.965517,0.086486,0.534444,1300,0
pretrain,1,26,1664,0.575636,0.917772,0.227027,0.580000,4521,0
pretrain,1,31,1984,0.639893,0.639257,0.640541,0.626667,8932,0
pretrain,1,36,2304,0.630522,0.564987,0.697297,0.612222,13041,3
pretrain,1,41,2624,0.642570,0.636605,0.648649,0.641111,16478,125
pretrain,1,47,2988,0.645248,0.620690,0.670270,0.642222,20618,505
pretrain,2,1,3052,0.643909,0.612732,0.675676,0.646667,696,81
pretrain,2,6,3372,0.641232,0.615385,0.667568,0.641111,4507,520
pretrain,2,11,3692,0.637216,0.522546,0.754054,0.636667,7628,1064
pretrain,2,16,4012,0.613119,0.344828,0.886486,0.604444,11226,1813
pretrain,2,21,4332,0.618474,0.381963,0.859459,0.608889,14091,2698
pretrain,2,26,4652,0.627845,0.440318,0.818919,0.634444,16531,3552
pretrain,2,31,4972,0.645248,0.458886,0.835135,0.637778,18882,4444
pretrain,2,36,5292,0.643909,0.472149,0.818919,0.643333,21206,5220
pretrain,2,41,5612,0.641232,0.429708,0.856757,0.633333,23501,5989
pretrain,2,47,5976,0.649264,0.469496,0.832432,0.651111,25669,6847
pretrain,3,1,6040,0.650602,0.474801,0.829730,0.643333,331,144
pretrain,3,6,6360,0.650602,0.503979,0.800000,0.660000,2102,944
pretrain,3,11,6680,0.672021,0.591512,0.754054,0.662222,4128,1704
pretrain,3,16,7000,0.680054,0.652520,0.708108,0.672222,6754,2517
pretrain,3,21,7320,0.697456,0.697613,0.697297,0.673333,9576,3416
pretrain,3,26,7640,0.697456,0.721485,0.672973,0.694444,12046,4422
pretrain,3,31,7960,0.696118,0.684350,0.708108,0.694444,14460,5464
pretrain,3,36,8280,0.705489,0.655172,0.756757,0.692222,17434,6402
pretrain,3,41,8600,0.700134,0.588859,0.813514,0.682222,20052,7430
pretrain,3,47,8964,0.716198,0.668435,0.764865,0.707778,23717,8880
pretrain,4,1,9028,0.726908,0.692308,0.762162,0.715556,662,241
pretrain,4,6,9348,0.740295,0.745358,0.735135,0.731111,3600,1716
pretrain,4,11,9668,0.736278,0.689655,0.783784,0.736667,6831,3458
pretrain,4,16,9988,0.755020,0.806366,0.702703,0.732222,10488,5457
pretrain,4,21,10308,0.753681,0.835544,0.670270,0.733333,13720,7438
pretrain,4,26,10628,0.738956,0.578249,0.902703,0.722222,17410,9894
pretrain,4,31,10948,0.714859,0.506631,0.927027,0.698889,20865,12208
pretrain,4,36,11268,0.734940,0.917772,0.548649,0.735556,26386,15303
pretrain,4,41,11588,0.698795,0.944297,0.448649,0.706667,30480,17559
pretrain,4,47,11952,0.756359,0.816976,0.694595,0.745556,35752,20545
pretrain,5,1,12016,0.764391,0.771883,0.756757,0.742222,945,656
pretrain,5,6,12336,0.732262,0.583554,0.883784,0.717778,5682,3232
pretrain,5,11,12656,0.733601,0.580902,0.889189,0.723333,8775,5133
pretrain,5,16,12976,0.757697,0.708223,0.808108,0.744444,12747,7389
pretrain,5,21,13296,0.760375,0.877984,0.640541,0.744444,16946,10015
pretrain,5,26,13616,0.741633,0.899204,0.581081,0.728889,19768,11828
pretrain,5,31,13936,0.751004,0.888594,0.610811,0.740000,22106,13370
pretrain,5,36,14256,0.771084,0.830239,0.710811,0.738889,24924,15362
pretrain,5,41,14576,0.771084,0.700265,0.843243,0.752222,28023,17947
pretrain,5,47,14940,0.771084,0.702918,0.840541,0.747778,30422,19832
pretrain,6,1,15004,0.772423,0.716180,0.829730,0.747778,394,295
pretrain,6,6,15324,0.773762,0.771883,0.775676,0.747778,2603,1836
pretrain,6,11,15644,0.777778,0.824934,0.729730,0.748889,4501,3493
pretrain,6,16,15964,0.779116,0.838196,0.718919,0.750000,6374,5198
pretrain,6,21,16284,0.779116,0.806366,0.751351,0.744444,8542,6722
pretrain,6,26,16604,0.780455,0.753316,0.808108,0.745556,10382,8234
pretrain,6,31,16924,0.781794,0.740053,0.824324,0.747778,11995,9456
pretrain,6,36,17244,0.775100,0.758621,0.791892,0.745556,13505,10554
pretrain,6,41,17564,0.781794,0.782493,0.781081,0.746667,15164,11598
pretrain,6,47,17928,0.783133,0.806366,0.759459,0.744444,17025,12847
pretrain,7,1,17992,0.784471,0.811671,0.756757,0.743333,256,225
pretrain,7,6,18312,0.788487,0.816976,0.759459,0.743333,1727,1304
pretrain,7,11,18632,0.788487,0.782493,0.794595,0.742222,3229,2519
pretrain,7,16,18952,0.779116,0.758621,0.800000,0.738889,4632,3828
pretrain,7,21,19272,0.777778,0.771883,0.783784,0.742222,5751,5075
pretrain,7,26,19592,0.788487,0.801061,0.775676,0.743333,6956,6156
pretrain,7,31,19912,0.780455,0.827586,0.732432,0.747778,8457,7337
pretrain,7,36,20232,0.775100,0.846154,0.702703,0.746667,10037,8361
pretrain,7,41,20552,0.777778,0.846154,0.708108,0.748889,11355,9230
pretrain,7,47,20916,0.792503,0.830239,0.754054,0.742222,12951,10330
pretrain,8,1,20980,0.788487,0.814324,0.762162,0.743333,271,204
pretrain,8,6,21300,0.795181,0.790451,0.800000,0.737778,1487,1056
pretrain,8,11,21620,0.791165,0.782493,0.800000,0.738889,2632,1838
pretrain,8,16,21940,0.795181,0.787798,0.802703,0.740000,3714,2534
pretrain,8,21,22260,0.799197,0.793103,0.805405,0.741111,4758,3200
pretrain,8,26,22580,0.792503,0.806366,0.778378,0.742222,5938,3931
pretrain,8,31,22900,0.792503,0.854111,0.729730,0.744444,7128,4692
pretrain,8,36,23220,0.793842,0.864721,0.721622,0.745556,8234,5339
pretrain,8,41,23540,0.785810,0.846154,0.724324,0.744444,9171,5964
pretrain,8,47,23904,0.795181,0.793103,0.797297,0.744444,10336,6882
pretrain,9,1,23968,0.792503,0.779841,0.805405,0.741111,200,155
pretrain,9,6,24288,0.784471,0.763926,0.805405,0.746667,1158,969
pretrain,9,11,24608,0.800535,0.803714,0.797297,0.750000,2119,1691
pretrain,9,16,24928,0.800535,0.819629,0.781081,0.751111,3024,2414
pretrain,9,21,25248,0.803213,0.814324,0.791892,0.748889,3843,3082
pretrain,9,26,25568,0.797858,0.795756,0.800000,0.745556,4680,3716
pretrain,9,31,25888,0.796519,0.782493,0.810811,0.746667,5527,4315
pretrain,9,36,26208,0.799197,0.787798,0.810811,0.744444,6350,4888
pretrain,9,41,26528,0.797858,0.793103,0.802703,0.746667,7066,5428
pretrain,9,47,26892,0.801874,0.811671,0.791892,0.746667,7938,6109
pretrain,10,1,26956,0.800535,0.816976,0.783784,0.752222,159,112
pretrain,10,6,27276,0.803213,0.838196,0.767568,0.751111,1035,751
pretrain,10,11,27596,0.804552,0.838196,0.770270,0.752222,1775,1313
pretrain,10,16,27916,0.803213,0.832891,0.772973,0.752222,2451,1751
pretrain,10,21,28236,0.800535,0.811671,0.789189,0.748889,3034,2241
pretrain,10,26,28556,0.801874,0.798408,0.805405,0.747778,3775,2821
pretrain,10,31,28876,0.800535,0.803714,0.797297,0.751111,4457,3332
pretrain,10,36,29196,0.803213,0.803714,0.802703,0.750000,5249,3890
pretrain,10,41,29516,0.800535,0.785146,0.816216,0.747778,6030,4398
pretrain,10,47,29880,0.795181,0.771883,0.818919,0.752222,6888,4964
pretrain,11,1,29944,0.801874,0.779841,0.824324,0.750000,128,99
pretrain,11,6,30264,0.791165,0.774536,0.808108,0.756667,754,489
pretrain,11,11,30584,0.795181,0.803714,0.786486,0.761111,1420,887
pretrain,11,16,30904,0.803213,0.827586,0.778378,0.755556,2031,1241
pretrain,11,21,31224,0.804552,0.838196,0.770270,0.756667,2613,1591
pretrain,11,26,31544,0.801874,0.838196,0.764865,0.748889,3090,1974
pretrain,11,31,31864,0.797858,0.816976,0.778378,0.751111,3595,2430
pretrain,11,36,32184,0.796519,0.790451,0.802703,0.754444,4170,2999
pretrain,11,41,32504,0.795181,0.777188,0.813514,0.751111,4763,3532
pretrain,11,47,32868,0.803213,0.753316,0.854054,0.742222,5539,4070
pretrain,12,1,32932,0.803213,0.753316,0.854054,0.743333,101,74
pretrain,12,6,33252,0.801874,0.766578,0.837838,0.746667,569,450
pretrain,12,11,33572,0.803213,0.787798,0.818919,0.754444,1059,847
pretrain,12,16,33892,0.801874,0.803714,0.800000,0.755556,1560,1252
pretrain,12,21,34212,0.801874,0.806366,0.797297,0.750000,2067,1591
pretrain,12,26,34532,0.797858,0.803714,0.791892,0.756667,2517,1889
pretrain,12,31,34852,0.800535,0.806366,0.794595,0.753333,2964,2196
pretrain,12,36,35172,0.796519,0.798408,0.794595,0.752222,3320,2467
pretrain,12,41,35492,0.800535,0.806366,0.794595,0.750000,3735,2731
pretrain,12,47,35856,0.799197,0.803714,0.794595,0.752222,4304,3075
pretrain,13,1,35920,0.800535,0.803714,0.797297,0.750000,79,53
pretrain,13,6,36240,0.801874,0.803714,0.800000,0.754444,517,319
pretrain,13,11,36560,0.801874,0.806366,0.797297,0.752222,932,591
pretrain,13,16,36880,0.799197,0.801061,0.797297,0.754444,1255,814
pretrain,13,21,37200,0.800535,0.798408,0.802703,0.752222,1558,1025
pretrain,13,26,37520,0.801874,0.798408,0.805405,0.754444,1916,1249
pretrain,13,31,37840,0.799197,0.793103,0.805405,0.753333,2375,1516
pretrain,13,36,38160,0.803213,0.795756,0.810811,0.753333,2816,1738
pretrain,13,41,38480,0.800535,0.801061,0.800000,0.753333,3208,1970
pretrain,13,47,38844,0.801874,0.795756,0.808108,0.754444,3577,2224
pretrain,14,1,38908,0.803213,0.795756,0.810811,0.752222,67,45
pretrain,14,6,39228,0.797858,0.790451,0.805405,0.760000,344,250
pretrain,14,11,39548,0.800535,0.795756,0.805405,0.760000,636,464
pretrain,14,16,39868,0.797858,0.795756,0.800000,0.762222,937,644
pretrain,14,21,40188,0.804552,0.801061,0.808108,0.755556,1198,811
pretrain,14,26,40508,0.799197,0.803714,0.794595,0.757778,1505,966
pretrain,14,31,40828,0.804552,0.809019,0.800000,0.760000,1778,1128
pretrain,14,36,41148,0.797858,0.795756,0.800000,0.754444,2085,1319
pretrain,14,41,41468,0.800535,0.793103,0.808108,0.757778,2338,1510
pretrain,14,47,41832,0.801874,0.787798,0.816216,0.755556,2665,1704
pretrain,15,1,41896,0.796519,0.782493,0.810811,0.753333,47,26
pretrain,15,6,42216,0.807229,0.798408,0.816216,0.751111,284,187
pretrain,15,11,42536,0.804552,0.795756,0.813514,0.748889,507,339
pretrain,15,16,42856,0.803213,0.795756,0.810811,0.753333,718,483
pretrain,15,21,43176,0.804552,0.798408,0.810811,0.751111,931,614
pretrain,15,26,43496,0.804552,0.809019,0.800000,0.747778,1173,764
pretrain,15,31,43816,0.804552,0.814324,0.794595,0.751111,1428,912
pretrain,15,36,44136,0.799197,0.809019,0.789189,0.748889,1614,1021
pretrain,15,41,44456,0.800535,0.806366,0.794595,0.747778,1835,1133
pretrain,15,47,44820,0.807229,0.803714,0.810811,0.748889,2036,1258
pretrain,16,1,44884,0.801874,0.798408,0.805405,0.748889,33,15
pretrain,16,6,45204,0.801874,0.798408,0.805405,0.747778,195,106
pretrain,16,11,45524,0.804552,0.795756,0.813514,0.746667,368,214
pretrain,16,16,45844,0.797858,0.795756,0.800000,0.747778,538,325
pretrain,16,21,46164,0.807229,0.782493,0.832432,0.750000,766,478
pretrain,16,26,46484,0.805890,0.777188,0.835135,0.747778,978,614
pretrain,16,31,46804,0.804552,0.774536,0.835135,0.754444,1115,712
pretrain,16,36,47124,0.805890,0.777188,0.835135,0.751111,1255,801
pretrain,16,41,47444,0.804552,0.782493,0.827027,0.748889,1433,923
pretrain,16,47,47808,0.800535,0.785146,0.816216,0.744444,1663,1058
pretrain,17,1,47872,0.800535,0.785146,0.816216,0.746667,38,33
pretrain,17,6,48192,0.800535,0.795756,0.805405,0.746667,225,138
pretrain,17,11,48512,0.805890,0.798408,0.813514,0.747778,374,249
pretrain,17,16,48832,0.804552,0.803714,0.805405,0.744444,514,340
pretrain,17,21,49152,0.800535,0.801061,0.800000,0.747778,668,444
pretrain,17,26,49472,0.804552,0.811671,0.797297,0.751111,772,526
pretrain,17,31,49792,0.797858,0.806366,0.789189,0.746667,864,600
pretrain,17,36,50112,0.801874,0.809019,0.794595,0.746667,956,659
pretrain,17,41,50432,0.795181,0.801061,0.789189,0.747778,1043,730
pretrain,17,47,50796,0.803213,0.811671,0.794595,0.747778,1132,795
pretrain,18,1,50860,0.804552,0.811671,0.797297,0.746667,15,6
pretrain,18,6,51180,0.796519,0.798408,0.794595,0.744444,89,75
pretrain,18,11,51500,0.799197,0.806366,0.791892,0.747778,173,133
pretrain,18,16,51820,0.801874,0.809019,0.794595,0.745556,242,175
pretrain,18,21,52140,0.797858,0.806366,0.789189,0.748889,338,213
pretrain,18,26,52460,0.804552,0.809019,0.800000,0.747778,401,278
pretrain,18,31,52780,0.800535,0.801061,0.800000,0.745556,476,325
pretrain,18,36,53100,0.804552,0.803714,0.805405,0.746667,548,374
pretrain,18,41,53420,0.803213,0.803714,0.802703,0.750000,602,432
pretrain,18,47,53784,0.801874,0.801061,0.802703,0.746667,690,497
pretrain,19,1,53848,0.803213,0.801061,0.805405,0.747778,15,12
pretrain,19,6,54168,0.805890,0.803714,0.808108,0.743333,75,57
pretrain,19,11,54488,0.805890,0.801061,0.810811,0.746667,128,118
pretrain,19,16,54808,0.804552,0.806366,0.802703,0.750000,194,155
pretrain,19,21,55128,0.805890,0.809019,0.802703,0.748889,251,199
pretrain,19,26,55448,0.808568,0.803714,0.813514,0.748889,306,254
pretrain,19,31,55768,0.804552,0.801061,0.808108,0.750000,372,300
pretrain,19,36,56088,0.803213,0.803714,0.802703,0.747778,451,338
pretrain,19,41,56408,0.804552,0.806366,0.802703,0.750000,518,371
pretrain,19,47,56772,0.807229,0.809019,0.805405,0.746667,601,449
pretrain,20,1,56836,0.801874,0.803714,0.800000,0.745556,15,10
pretrain,20,6,57156,0.804552,0.806366,0.802703,0.750000,86,30
pretrain,20,11,57476,0.804552,0.801061,0.808108,0.746667,143,74
pretrain,20,16,57796,0.808568,0.809019,0.808108,0.748889,188,106
pretrain,20,21,58116,0.804552,0.803714,0.805405,0.746667,237,151
pretrain,20,26,58436,0.803213,0.803714,0.802703,0.748889,293,191
pretrain,20,31,58756,0.801874,0.801061,0.802703,0.744444,357,222
pretrain,20,36,59076,0.804552,0.809019,0.800000,0.744444,406,259
pretrain,20,41,59396,0.804552,0.806366,0.802703,0.744444,464,296
pretrain,20,47,59760,0.807229,0.809019,0.805405,0.742222,522,353
