Phase,Epoch,BatchIdx,SamplesSeen,Val_Accuracy,Class0_Accuracy,Class1_Accuracy,Test_Accuracy,LTP_crossings,LTD_crossings
pretrain,1,1,64,0.504685,1.000000,0.000000,0.501111,0,0
pretrain,1,6,384,0.504685,1.000000,0.000000,0.501111,0,0
pretrain,1,11,704,0.504685,1.000000,0.000000,0.501111,0,0
pretrain,1,16,1024,0.504685,1.000000,0.000000,0.501111,2,20
pretrain,1,21,1344,0.504685,1.000000,0.000000,0.501111,7048,8236
pretrain,1,26,1664,0.504685,1.000000,0.000000,0.501111,18372,17171
pretrain,1,31,1984,0.504685,1.000000,0.000000,0.501111,26790,22438
pretrain,1,36,2304,0.504685,1.000000,0.000000,0.501111,33688,27474
pretrain,1,41,2624,0.504685,1.000000,0.000000,0.501111,37812,30667
pretrain,1,47,2988,0.476573,0.891247,0.054054,0.476667,41645,33723
pretrain,2,1,3052,0.468541,0.753316,0.178378,0.461111,647,507
pretrain,2,6,3372,0.495315,0.000000,1.000000,0.498889,3136,2594
pretrain,2,11,3692,0.495315,0.000000,1.000000,0.498889,5244,4501
pretrain,2,16,4012,0.495315,0.000000,1.000000,0.498889,6649,5976
pretrain,2,21,4332,0.495315,0.000000,1.000000,0.498889,7765,7235
pretrain,2,26,4652,0.495315,0.000000,1.000000,0.498889,8810,8351
pretrain,2,31,4972,0.495315,0.000000,1.000000,0.498889,9913,9539
pretrain,2,36,5292,0.495315,0.000000,1.000000,0.498889,10953,10821
pretrain,2,41,5612,0.495315,0.000000,1.000000,0.498889,11890,11978
pretrain,2,47,5976,0.495315,0.000000,1.000000,0.498889,12921,13242
pretrain,3,1,6040,0.495315,0.000000,1.000000,0.498889,185,194
pretrain,3,6,6360,0.495315,0.000000,1.000000,0.498889,1254,1061
pretrain,3,11,6680,0.495315,0.000000,1.000000,0.498889,2104,1778
pretrain,3,16,7000,0.495315,0.000000,1.000000,0.498889,2897,2518
pretrain,3,21,7320,0.495315,0.000000,1.000000,0.498889,3583,3137
pretrain,3,26,7640,0.495315,0.000000,1.000000,0.498889,4247,3664
pretrain,3,31,7960,0.495315,0.000000,1.000000,0.498889,4882,4059
pretrain,3,36,8280,0.495315,0.000000,1.000000,0.498889,5460,4471
pretrain,3,41,8600,0.495315,0.000000,1.000000,0.498889,6052,4876
pretrain,3,47,8964,0.495315,0.000000,1.000000,0.498889,6738,5441
pretrain,4,1,9028,0.495315,0.000000,1.000000,0.498889,113,78
pretrain,4,6,9348,0.495315,0.000000,1.000000,0.498889,653,456
pretrain,4,11,9668,0.495315,0.000000,1.000000,0.498889,1149,798
pretrain,4,16,9988,0.495315,0.000000,1.000000,0.498889,1615,1115
pretrain,4,21,10308,0.495315,0.000000,1.000000,0.498889,2065,1425
pretrain,4,26,10628,0.495315,0.000000,1.000000,0.498889,2476,1725
pretrain,4,31,10948,0.495315,0.000000,1.000000,0.498889,2939,2080
pretrain,4,36,11268,0.495315,0.000000,1.000000,0.498889,3528,2437
pretrain,4,41,11588,0.495315,0.000000,1.000000,0.498889,4144,2879
pretrain,4,47,11952,0.495315,0.000000,1.000000,0.498889,5024,3430
pretrain,5,1,12016,0.495315,0.000000,1.000000,0.498889,155,112
pretrain,5,6,12336,0.495315,0.000000,1.000000,0.498889,869,700
pretrain,5,11,12656,0.495315,0.000000,1.000000,0.498889,1573,1402
pretrain,5,16,12976,0.495315,0.000000,1.000000,0.498889,2577,2132
pretrain,5,21,13296,0.495315,0.000000,1.000000,0.498889,3811,2900
pretrain,5,26,13616,0.502008,0.013263,1.000000,0.502222,4990,3805
pretrain,5,31,13936,0.547523,0.116711,0.986486,0.551111,6372,4897
pretrain,5,36,14256,0.563588,0.151194,0.983784,0.564444,8214,6245
pretrain,5,41,14576,0.590361,0.204244,0.983784,0.584444,9872,7934
pretrain,5,47,14940,0.685408,0.440318,0.935135,0.676667,11903,10787
pretrain,6,1,15004,0.692102,0.482759,0.905405,0.683333,311,495
pretrain,6,6,15324,0.740295,0.819629,0.659459,0.743333,2147,3073
pretrain,6,11,15644,0.738956,0.639257,0.840541,0.717778,4192,5649
pretrain,6,16,15964,0.716198,0.557029,0.878378,0.705556,6356,8467
pretrain,6,21,16284,0.753681,0.724138,0.783784,0.725556,8720,11440
pretrain,6,26,16604,0.768407,0.771883,0.764865,0.742222,11163,14206
pretrain,6,31,16924,0.712182,0.522546,0.905405,0.708889,14671,17464
pretrain,6,36,17244,0.757697,0.713528,0.802703,0.740000,18109,20760
pretrain,6,41,17564,0.751004,0.920424,0.578378,0.711111,21702,24701
pretrain,6,47,17928,0.767068,0.859416,0.672973,0.741111,25761,29424
pretrain,7,1,17992,0.767068,0.809019,0.724324,0.745556,703,737
pretrain,7,6,18312,0.765730,0.761273,0.770270,0.741111,3567,4503
pretrain,7,11,18632,0.768407,0.774536,0.762162,0.747778,6189,7612
pretrain,7,16,18952,0.765730,0.827586,0.702703,0.740000,8585,10331
pretrain,7,21,19272,0.765730,0.769231,0.762162,0.743333,10927,12943
pretrain,7,26,19592,0.777778,0.832891,0.721622,0.734444,12996,15209
pretrain,7,31,19912,0.787149,0.872679,0.700000,0.736667,15096,17195
pretrain,7,36,20232,0.789826,0.787798,0.791892,0.740000,17379,19647
pretrain,7,41,20552,0.772423,0.641910,0.905405,0.725556,19384,22169
pretrain,7,47,20916,0.785810,0.904509,0.664865,0.734444,22098,25805
pretrain,8,1,20980,0.760375,0.957560,0.559459,0.712222,571,733
pretrain,8,6,21300,0.742972,0.962865,0.518919,0.701111,2519,3666
pretrain,8,11,21620,0.783133,0.761273,0.805405,0.746667,5058,7058
pretrain,8,16,21940,0.726908,0.546419,0.910811,0.707778,7050,9948
pretrain,8,21,22260,0.752343,0.610080,0.897297,0.724444,8172,11857
pretrain,8,26,22580,0.757697,0.692308,0.824324,0.736667,9671,13815
pretrain,8,31,22900,0.785810,0.795756,0.775676,0.731111,11250,15738
pretrain,8,36,23220,0.787149,0.864721,0.708108,0.734444,12885,17681
pretrain,8,41,23540,0.788487,0.883289,0.691892,0.724444,14476,19452
pretrain,8,47,23904,0.791165,0.840849,0.740541,0.732222,16438,21283
pretrain,9,1,23968,0.797858,0.848806,0.745946,0.738889,256,263
pretrain,9,6,24288,0.787149,0.803714,0.770270,0.738889,1676,1561
pretrain,9,11,24608,0.781794,0.718833,0.845946,0.738889,3129,3112
pretrain,9,16,24928,0.787149,0.708223,0.867568,0.737778,4406,4430
pretrain,9,21,25248,0.791165,0.737401,0.845946,0.741111,5627,5675
pretrain,9,26,25568,0.797858,0.801061,0.794595,0.754444,6847,7009
pretrain,9,31,25888,0.799197,0.816976,0.781081,0.761111,8056,8082
pretrain,9,36,26208,0.804552,0.816976,0.791892,0.755556,9371,9049
pretrain,9,41,26528,0.807229,0.846154,0.767568,0.753333,10584,9945
pretrain,9,47,26892,0.805890,0.891247,0.718919,0.744444,11899,11083
pretrain,10,1,26956,0.803213,0.899204,0.705405,0.744444,179,169
pretrain,10,6,27276,0.805890,0.896552,0.713514,0.746667,988,886
pretrain,10,11,27596,0.804552,0.854111,0.754054,0.755556,2003,1744
pretrain,10,16,27916,0.792503,0.771883,0.813514,0.756667,3182,2809
pretrain,10,21,28236,0.792503,0.732095,0.854054,0.752222,4124,3738
pretrain,10,26,28556,0.788487,0.689655,0.889189,0.741111,5006,4448
pretrain,10,31,28876,0.791165,0.692308,0.891892,0.737778,5759,5075
pretrain,10,36,29196,0.803213,0.729443,0.878378,0.747778,6677,5726
pretrain,10,41,29516,0.815261,0.840849,0.789189,0.760000,7861,6649
pretrain,10,47,29880,0.803213,0.896552,0.708108,0.747778,9088,7849
pretrain,11,1,29944,0.804552,0.901857,0.705405,0.748889,155,127
pretrain,11,6,30264,0.801874,0.899204,0.702703,0.742222,772,676
pretrain,11,11,30584,0.805890,0.896552,0.713514,0.750000,1355,1230
pretrain,11,16,30904,0.805890,0.877984,0.732432,0.748889,2041,1922
pretrain,11,21,31224,0.807229,0.859416,0.754054,0.761111,2872,2742
pretrain,11,26,31544,0.800535,0.798408,0.802703,0.748889,3849,3745
pretrain,11,31,31864,0.808568,0.753316,0.864865,0.752222,4686,4563
pretrain,11,36,32184,0.803213,0.737401,0.870270,0.746667,5512,5261
pretrain,11,41,32504,0.805890,0.748011,0.864865,0.750000,6273,5766
pretrain,11,47,32868,0.804552,0.742706,0.867568,0.748889,7146,6443
pretrain,12,1,32932,0.801874,0.742706,0.862162,0.752222,153,110
pretrain,12,6,33252,0.811245,0.761273,0.862162,0.750000,823,578
pretrain,12,11,33572,0.816600,0.790451,0.843243,0.755556,1643,1171
pretrain,12,16,33892,0.811245,0.822281,0.800000,0.752222,2511,1880
pretrain,12,21,34212,0.815261,0.854111,0.775676,0.760000,3195,2449
pretrain,12,26,34532,0.820616,0.854111,0.786486,0.760000,3684,2869
pretrain,12,31,34852,0.824632,0.856764,0.791892,0.762222,4247,3313
pretrain,12,36,35172,0.816600,0.827586,0.805405,0.756667,4748,3769
pretrain,12,41,35492,0.813922,0.790451,0.837838,0.758889,5285,4341
pretrain,12,47,35856,0.811245,0.755968,0.867568,0.738889,5889,5037
pretrain,13,1,35920,0.809906,0.748011,0.872973,0.745556,64,75
pretrain,13,6,36240,0.809906,0.750663,0.870270,0.744444,446,464
pretrain,13,11,36560,0.811245,0.753316,0.870270,0.743333,813,848
pretrain,13,16,36880,0.809906,0.750663,0.870270,0.746667,1206,1224
pretrain,13,21,37200,0.812584,0.758621,0.867568,0.744444,1665,1606
pretrain,13,26,37520,0.813922,0.766578,0.862162,0.752222,2065,2051
pretrain,13,31,37840,0.808568,0.779841,0.837838,0.751111,2506,2516
pretrain,13,36,38160,0.809906,0.801061,0.818919,0.743333,3036,2963
pretrain,13,41,38480,0.815261,0.824934,0.805405,0.758889,3488,3355
pretrain,13,47,38844,0.811245,0.816976,0.805405,0.753333,3900,3761
pretrain,14,1,38908,0.811245,0.816976,0.805405,0.753333,50,66
pretrain,14,6,39228,0.811245,0.811671,0.810811,0.752222,334,356
pretrain,14,11,39548,0.809906,0.803714,0.816216,0.745556,591,726
pretrain,14,16,39868,0.812584,0.801061,0.824324,0.750000,865,1091
pretrain,14,21,40188,0.812584,0.798408,0.827027,0.756667,1124,1437
pretrain,14,26,40508,0.817938,0.806366,0.829730,0.755556,1377,1738
pretrain,14,31,40828,0.817938,0.806366,0.829730,0.755556,1662,1999
pretrain,14,36,41148,0.819277,0.809019,0.829730,0.760000,1962,2256
pretrain,14,41,41468,0.824632,0.819629,0.829730,0.761111,2244,2476
pretrain,14,47,41832,0.823293,0.822281,0.824324,0.761111,2584,2745
pretrain,15,1,41896,0.821954,0.824934,0.818919,0.763333,41,35
pretrain,15,6,42216,0.829987,0.832891,0.827027,0.757778,251,205
pretrain,15,11,42536,0.824632,0.824934,0.824324,0.755556,463,395
pretrain,15,16,42856,0.825971,0.830239,0.821622,0.760000,669,554
pretrain,15,21,43176,0.824632,0.827586,0.821622,0.760000,863,720
pretrain,15,26,43496,0.820616,0.824934,0.816216,0.754444,1065,893
pretrain,15,31,43816,0.820616,0.816976,0.824324,0.754444,1271,1101
pretrain,15,36,44136,0.815261,0.806366,0.824324,0.761111,1481,1293
pretrain,15,41,44456,0.819277,0.809019,0.829730,0.756667,1664,1487
pretrain,15,47,44820,0.817938,0.809019,0.827027,0.755556,1879,1679
pretrain,16,1,44884,0.816600,0.806366,0.827027,0.755556,25,25
pretrain,16,6,45204,0.819277,0.811671,0.827027,0.757778,195,171
pretrain,16,11,45524,0.817938,0.814324,0.821622,0.761111,362,305
pretrain,16,16,45844,0.820616,0.824934,0.816216,0.758889,504,433
pretrain,16,21,46164,0.821954,0.824934,0.818919,0.755556,663,577
pretrain,16,26,46484,0.824632,0.830239,0.818919,0.760000,832,695
pretrain,16,31,46804,0.819277,0.827586,0.810811,0.755556,975,843
pretrain,16,36,47124,0.821954,0.830239,0.813514,0.756667,1117,983
pretrain,16,41,47444,0.820616,0.824934,0.816216,0.754444,1263,1126
pretrain,16,47,47808,0.825971,0.835544,0.816216,0.755556,1444,1274
pretrain,17,1,47872,0.823293,0.830239,0.816216,0.754444,17,25
pretrain,17,6,48192,0.825971,0.835544,0.816216,0.753333,151,120
pretrain,17,11,48512,0.825971,0.835544,0.816216,0.751111,252,234
pretrain,17,16,48832,0.823293,0.832891,0.813514,0.753333,381,336
pretrain,17,21,49152,0.825971,0.835544,0.816216,0.756667,557,446
pretrain,17,26,49472,0.828648,0.843501,0.813514,0.755556,678,536
pretrain,17,31,49792,0.825971,0.830239,0.821622,0.753333,805,635
pretrain,17,36,50112,0.821954,0.830239,0.813514,0.754444,934,741
pretrain,17,41,50432,0.817938,0.827586,0.808108,0.754444,1035,828
pretrain,17,47,50796,0.821954,0.827586,0.816216,0.757778,1185,959
pretrain,18,1,50860,0.824632,0.832891,0.816216,0.755556,19,20
pretrain,18,6,51180,0.823293,0.832891,0.813514,0.752222,105,113
pretrain,18,11,51500,0.819277,0.824934,0.813514,0.755556,198,227
pretrain,18,16,51820,0.820616,0.822281,0.818919,0.753333,307,335
pretrain,18,21,52140,0.816600,0.816976,0.816216,0.754444,414,431
pretrain,18,26,52460,0.815261,0.811671,0.818919,0.758889,499,517
pretrain,18,31,52780,0.816600,0.809019,0.824324,0.757778,572,587
pretrain,18,36,53100,0.819277,0.814324,0.824324,0.760000,643,652
pretrain,18,41,53420,0.819277,0.814324,0.824324,0.757778,712,731
pretrain,18,47,53784,0.820616,0.816976,0.824324,0.760000,786,848
pretrain,19,1,53848,0.819277,0.814324,0.824324,0.761111,7,13
pretrain,19,6,54168,0.820616,0.814324,0.827027,0.756667,81,70
pretrain,19,11,54488,0.816600,0.809019,0.824324,0.758889,139,128
pretrain,19,16,54808,0.817938,0.811671,0.824324,0.762222,187,181
pretrain,19,21,55128,0.817938,0.816976,0.818919,0.757778,257,241
pretrain,19,26,55448,0.820616,0.819629,0.821622,0.756667,341,305
pretrain,19,31,55768,0.824632,0.824934,0.824324,0.754444,408,358
pretrain,19,36,56088,0.825971,0.830239,0.821622,0.755556,487,397
pretrain,19,41,56408,0.825971,0.832891,0.818919,0.758889,549,450
pretrain,19,47,56772,0.825971,0.832891,0.818919,0.757778,630,518
pretrain,20,1,56836,0.827309,0.835544,0.818919,0.754444,11,11
pretrain,20,6,57156,0.825971,0.832891,0.818919,0.754444,61,57
pretrain,20,11,57476,0.825971,0.830239,0.821622,0.754444,118,122
pretrain,20,16,57796,0.823293,0.830239,0.816216,0.751111,163,166
pretrain,20,21,58116,0.828648,0.835544,0.821622,0.750000,208,216
pretrain,20,26,58436,0.825971,0.832891,0.818919,0.750000,262,258
pretrain,20,31,58756,0.827309,0.832891,0.821622,0.746667,332,306
pretrain,20,36,59076,0.825971,0.832891,0.818919,0.751111,388,353
pretrain,20,41,59396,0.829987,0.835544,0.824324,0.746667,435,397
pretrain,20,47,59760,0.827309,0.835544,0.818919,0.750000,499,436
