Phase,Epoch,BatchIdx,SamplesSeen,Val_Accuracy,Class0_Accuracy,Class1_Accuracy,Test_Accuracy,LTP_crossings,LTD_crossings
pretrain,1,1,64,0.518072,0.984085,0.043243,0.516667,0,0
pretrain,1,6,384,0.516734,0.986737,0.037838,0.513333,0,0
pretrain,1,11,704,0.580991,0.891247,0.264865,0.604444,0,10010
pretrain,1,16,1024,0.626506,0.771883,0.478378,0.632222,11,25924
pretrain,1,21,1344,0.617135,0.771883,0.459459,0.625556,1067,39076
pretrain,1,26,1664,0.649264,0.687003,0.610811,0.630000,2537,49881
pretrain,1,31,1984,0.593039,0.328912,0.862162,0.587778,4345,59074
pretrain,1,36,2304,0.575636,0.275862,0.881081,0.583333,7094,67195
pretrain,1,41,2624,0.651941,0.623342,0.681081,0.645556,9850,74710
pretrain,1,47,2988,0.633199,0.832891,0.429730,0.630000,13136,83737
pretrain,2,1,3052,0.633199,0.840849,0.421622,0.627778,454,1396
pretrain,2,6,3372,0.630522,0.840849,0.416216,0.628889,2908,7850
pretrain,2,11,3692,0.668005,0.819629,0.513514,0.651111,5367,14498
pretrain,2,16,4012,0.668005,0.793103,0.540541,0.664444,7729,21106
pretrain,2,21,4332,0.672021,0.763926,0.578378,0.677778,10420,27735
pretrain,2,26,4652,0.696118,0.668435,0.724324,0.683333,13058,34689
pretrain,2,31,4972,0.681392,0.538462,0.827027,0.681111,15850,41576
pretrain,2,36,5292,0.704150,0.657825,0.751351,0.702222,19000,48598
pretrain,2,41,5612,0.722892,0.862069,0.581081,0.723333,22935,56497
pretrain,2,47,5976,0.730924,0.687003,0.775676,0.733333,27451,66162
pretrain,3,1,6040,0.736278,0.665782,0.808108,0.723333,780,1549
pretrain,3,6,6360,0.742972,0.679045,0.808108,0.731111,4955,10160
pretrain,3,11,6680,0.740295,0.856764,0.621622,0.737778,8951,18439
pretrain,3,16,7000,0.744311,0.779841,0.708108,0.752222,12274,25517
pretrain,3,21,7320,0.755020,0.687003,0.824324,0.734444,15818,32490
pretrain,3,26,7640,0.734940,0.891247,0.575676,0.727778,19759,39184
pretrain,3,31,7960,0.749665,0.596817,0.905405,0.726667,23318,45453
pretrain,3,36,8280,0.736278,0.557029,0.918919,0.722222,25827,50643
pretrain,3,41,8600,0.732262,0.915119,0.545946,0.715556,29768,57104
pretrain,3,47,8964,0.721553,0.949602,0.489189,0.710000,33067,63520
pretrain,4,1,9028,0.729585,0.923077,0.532432,0.726667,636,1148
pretrain,4,6,9348,0.760375,0.665782,0.856757,0.728889,4950,8968
pretrain,4,11,9668,0.726908,0.527851,0.929730,0.706667,7369,15093
pretrain,4,16,9988,0.740295,0.583554,0.900000,0.724444,9187,19632
pretrain,4,21,10308,0.777778,0.740053,0.816216,0.736667,12047,25922
pretrain,4,26,10628,0.784471,0.864721,0.702703,0.740000,14521,32071
pretrain,4,31,10948,0.777778,0.880637,0.672973,0.743333,16167,36505
pretrain,4,36,11268,0.779116,0.877984,0.678378,0.738889,17763,40627
pretrain,4,41,11588,0.779116,0.835544,0.721622,0.752222,19652,44664
pretrain,4,47,11952,0.781794,0.779841,0.783784,0.748889,21673,49053
pretrain,5,1,12016,0.787149,0.785146,0.789189,0.747778,280,600
pretrain,5,6,12336,0.792503,0.785146,0.800000,0.741111,1948,3617
pretrain,5,11,12656,0.784471,0.750663,0.818919,0.740000,3761,6693
pretrain,5,16,12976,0.787149,0.753316,0.821622,0.741111,5357,9586
pretrain,5,21,13296,0.795181,0.801061,0.789189,0.740000,6927,12290
pretrain,5,26,13616,0.787149,0.838196,0.735135,0.751111,8487,15144
pretrain,5,31,13936,0.783133,0.840849,0.724324,0.746667,9741,17713
pretrain,5,36,14256,0.781794,0.830239,0.732432,0.756667,11051,20235
pretrain,5,41,14576,0.789826,0.771883,0.808108,0.754444,12664,23420
pretrain,5,47,14940,0.789826,0.742706,0.837838,0.746667,14468,26837
pretrain,6,1,15004,0.795181,0.758621,0.832432,0.751111,271,489
pretrain,6,6,15324,0.800535,0.801061,0.800000,0.753333,1755,2882
pretrain,6,11,15644,0.792503,0.822281,0.762162,0.751111,3104,5134
pretrain,6,16,15964,0.792503,0.859416,0.724324,0.740000,4513,7445
pretrain,6,21,16284,0.785810,0.854111,0.716216,0.744444,5876,9694
pretrain,6,26,16604,0.789826,0.830239,0.748649,0.744444,7302,12012
pretrain,6,31,16924,0.793842,0.790451,0.797297,0.757778,8800,14251
pretrain,6,36,17244,0.799197,0.793103,0.805405,0.754444,9956,16246
pretrain,6,41,17564,0.796519,0.785146,0.808108,0.758889,11199,18402
pretrain,6,47,17928,0.793842,0.793103,0.794595,0.757778,12756,21022
pretrain,7,1,17992,0.797858,0.798408,0.797297,0.754444,251,420
pretrain,7,6,18312,0.800535,0.809019,0.791892,0.754444,1502,2687
pretrain,7,11,18632,0.799197,0.785146,0.813514,0.751111,2797,4936
pretrain,7,16,18952,0.801874,0.790451,0.813514,0.753333,4111,7065
pretrain,7,21,19272,0.800535,0.816976,0.783784,0.762222,5407,9274
pretrain,7,26,19592,0.801874,0.843501,0.759459,0.750000,6673,11278
pretrain,7,31,19912,0.799197,0.859416,0.737838,0.748889,7992,13332
pretrain,7,36,20232,0.800535,0.856764,0.743243,0.746667,9146,15317
pretrain,7,41,20552,0.797858,0.848806,0.745946,0.748889,10245,17317
pretrain,7,47,20916,0.797858,0.803714,0.791892,0.763333,11711,19563
pretrain,8,1,20980,0.804552,0.803714,0.805405,0.766667,217,312
pretrain,8,6,21300,0.796519,0.785146,0.808108,0.761111,1137,1646
pretrain,8,11,21620,0.799197,0.793103,0.805405,0.761111,2135,2939
pretrain,8,16,21940,0.796519,0.790451,0.802703,0.757778,3198,4304
pretrain,8,21,22260,0.799197,0.787798,0.810811,0.757778,4188,5714
pretrain,8,26,22580,0.805890,0.779841,0.832432,0.766667,5187,7094
pretrain,8,31,22900,0.805890,0.819629,0.791892,0.755556,6278,8577
pretrain,8,36,23220,0.800535,0.835544,0.764865,0.752222,7229,10014
pretrain,8,41,23540,0.801874,0.827586,0.775676,0.756667,8275,11328
pretrain,8,47,23904,0.804552,0.774536,0.835135,0.771111,9747,13213
pretrain,9,1,23968,0.805890,0.777188,0.835135,0.770000,225,307
pretrain,9,6,24288,0.800535,0.763926,0.837838,0.770000,1419,1906
pretrain,9,11,24608,0.809906,0.814324,0.805405,0.765556,2469,3371
pretrain,9,16,24928,0.804552,0.824934,0.783784,0.761111,3492,4734
pretrain,9,21,25248,0.796519,0.819629,0.772973,0.765556,4381,6104
pretrain,9,26,25568,0.799197,0.822281,0.775676,0.767778,5305,7781
pretrain,9,31,25888,0.797858,0.814324,0.781081,0.764444,6143,9276
pretrain,9,36,26208,0.805890,0.798408,0.813514,0.751111,6953,10776
pretrain,9,41,26528,0.800535,0.801061,0.800000,0.754444,7889,12206
pretrain,9,47,26892,0.805890,0.830239,0.781081,0.764444,9225,13961
pretrain,10,1,26956,0.808568,0.838196,0.778378,0.761111,240,318
pretrain,10,6,27276,0.812584,0.848806,0.775676,0.761111,1186,1688
pretrain,10,11,27596,0.813922,0.838196,0.789189,0.762222,2067,3077
pretrain,10,16,27916,0.819277,0.814324,0.824324,0.770000,3136,4659
pretrain,10,21,28236,0.816600,0.766578,0.867568,0.761111,4134,6124
pretrain,10,26,28556,0.803213,0.761273,0.845946,0.765556,5096,7469
pretrain,10,31,28876,0.808568,0.787798,0.829730,0.758889,6236,8937
pretrain,10,36,29196,0.816600,0.824934,0.808108,0.761111,7469,10501
pretrain,10,41,29516,0.813922,0.838196,0.789189,0.762222,8553,12064
pretrain,10,47,29880,0.803213,0.824934,0.781081,0.755556,9704,13921
pretrain,11,1,29944,0.805890,0.824934,0.786486,0.750000,148,252
pretrain,11,6,30264,0.804552,0.832891,0.775676,0.755556,927,1613
pretrain,11,11,30584,0.805890,0.832891,0.778378,0.756667,1680,2965
pretrain,11,16,30904,0.809906,0.843501,0.775676,0.762222,2567,4556
pretrain,11,21,31224,0.805890,0.851459,0.759459,0.757778,3596,6169
pretrain,11,26,31544,0.811245,0.859416,0.762162,0.758889,4445,7619
pretrain,11,31,31864,0.819277,0.840849,0.797297,0.764444,5329,8773
pretrain,11,36,32184,0.809906,0.795756,0.824324,0.762222,6312,10050
pretrain,11,41,32504,0.811245,0.763926,0.859459,0.767778,7295,11352
pretrain,11,47,32868,0.801874,0.729443,0.875676,0.757778,8416,12827
pretrain,12,1,32932,0.805890,0.737401,0.875676,0.760000,129,174
pretrain,12,6,33252,0.805890,0.737401,0.875676,0.755556,873,1110
pretrain,12,11,33572,0.811245,0.758621,0.864865,0.753333,1513,1925
pretrain,12,16,33892,0.809906,0.771883,0.848649,0.755556,2063,2782
pretrain,12,21,34212,0.813922,0.787798,0.840541,0.755556,2572,3702
pretrain,12,26,34532,0.805890,0.798408,0.813514,0.760000,3257,4871
pretrain,12,31,34852,0.812584,0.824934,0.800000,0.763333,4013,6192
pretrain,12,36,35172,0.807229,0.824934,0.789189,0.764444,4710,7339
pretrain,12,41,35492,0.809906,0.835544,0.783784,0.760000,5198,8192
pretrain,12,47,35856,0.808568,0.824934,0.791892,0.757778,5812,9237
pretrain,13,1,35920,0.803213,0.816976,0.789189,0.757778,113,176
pretrain,13,6,36240,0.805890,0.811671,0.800000,0.761111,675,1085
pretrain,13,11,36560,0.805890,0.798408,0.813514,0.765556,1238,2088
pretrain,13,16,36880,0.803213,0.785146,0.821622,0.758889,1946,3258
pretrain,13,21,37200,0.808568,0.758621,0.859459,0.757778,2745,4533
pretrain,13,26,37520,0.804552,0.745358,0.864865,0.747778,3467,5499
pretrain,13,31,37840,0.807229,0.761273,0.854054,0.744444,3994,6360
pretrain,13,36,38160,0.812584,0.771883,0.854054,0.748889,4496,7173
pretrain,13,41,38480,0.803213,0.766578,0.840541,0.746667,4911,8104
pretrain,13,47,38844,0.811245,0.782493,0.840541,0.752222,5443,9253
pretrain,14,1,38908,0.807229,0.774536,0.840541,0.753333,81,147
pretrain,14,6,39228,0.804552,0.785146,0.824324,0.750000,471,944
pretrain,14,11,39548,0.801874,0.787798,0.816216,0.750000,891,1763
pretrain,14,16,39868,0.805890,0.801061,0.810811,0.754444,1315,2573
pretrain,14,21,40188,0.812584,0.814324,0.810811,0.757778,1769,3499
pretrain,14,26,40508,0.803213,0.806366,0.800000,0.760000,2156,4296
pretrain,14,31,40828,0.807229,0.814324,0.800000,0.760000,2562,4934
pretrain,14,36,41148,0.807229,0.814324,0.800000,0.764444,2938,5600
pretrain,14,41,41468,0.805890,0.809019,0.802703,0.762222,3313,6289
pretrain,14,47,41832,0.812584,0.809019,0.816216,0.761111,3739,7163
pretrain,15,1,41896,0.813922,0.809019,0.818919,0.764444,58,128
pretrain,15,6,42216,0.813922,0.806366,0.821622,0.763333,421,711
pretrain,15,11,42536,0.808568,0.787798,0.829730,0.760000,728,1238
pretrain,15,16,42856,0.803213,0.779841,0.827027,0.756667,1037,1763
pretrain,15,21,43176,0.793842,0.755968,0.832432,0.753333,1401,2298
pretrain,15,26,43496,0.797858,0.761273,0.835135,0.760000,1729,2829
pretrain,15,31,43816,0.799197,0.763926,0.835135,0.762222,2063,3341
pretrain,15,36,44136,0.795181,0.766578,0.824324,0.757778,2371,3853
pretrain,15,41,44456,0.797858,0.763926,0.832432,0.758889,2663,4353
pretrain,15,47,44820,0.801874,0.771883,0.832432,0.761111,3049,4981
pretrain,16,1,44884,0.800535,0.771883,0.829730,0.761111,52,97
pretrain,16,6,45204,0.799197,0.771883,0.827027,0.765556,311,560
pretrain,16,11,45524,0.799197,0.769231,0.829730,0.765556,541,1047
pretrain,16,16,45844,0.792503,0.761273,0.824324,0.760000,787,1569
pretrain,16,21,46164,0.795181,0.758621,0.832432,0.761111,1038,2055
pretrain,16,26,46484,0.797858,0.758621,0.837838,0.756667,1271,2541
pretrain,16,31,46804,0.799197,0.761273,0.837838,0.761111,1521,2952
pretrain,16,36,47124,0.799197,0.766578,0.832432,0.758889,1806,3381
pretrain,16,41,47444,0.800535,0.782493,0.818919,0.762222,2152,3864
pretrain,16,47,47808,0.792503,0.790451,0.794595,0.761111,2556,4428
pretrain,17,1,47872,0.796519,0.798408,0.794595,0.761111,48,72
pretrain,17,6,48192,0.797858,0.806366,0.789189,0.762222,297,455
pretrain,17,11,48512,0.800535,0.811671,0.789189,0.763333,520,809
pretrain,17,16,48832,0.796519,0.809019,0.783784,0.765556,741,1125
pretrain,17,21,49152,0.795181,0.803714,0.786486,0.763333,963,1468
pretrain,17,26,49472,0.795181,0.801061,0.789189,0.763333,1188,1827
pretrain,17,31,49792,0.788487,0.793103,0.783784,0.758889,1427,2182
pretrain,17,36,50112,0.797858,0.793103,0.802703,0.761111,1639,2586
pretrain,17,41,50432,0.795181,0.787798,0.802703,0.760000,1865,2963
pretrain,17,47,50796,0.799197,0.785146,0.813514,0.758889,2104,3441
pretrain,18,1,50860,0.795181,0.777188,0.813514,0.756667,31,48
pretrain,18,6,51180,0.796519,0.769231,0.824324,0.761111,197,380
pretrain,18,11,51500,0.796519,0.769231,0.824324,0.758889,382,664
pretrain,18,16,51820,0.799197,0.766578,0.832432,0.753333,530,968
pretrain,18,21,52140,0.799197,0.769231,0.829730,0.753333,681,1230
pretrain,18,26,52460,0.797858,0.755968,0.840541,0.757778,867,1544
pretrain,18,31,52780,0.797858,0.758621,0.837838,0.753333,1041,1847
pretrain,18,36,53100,0.800535,0.763926,0.837838,0.752222,1203,2120
pretrain,18,41,53420,0.807229,0.774536,0.840541,0.753333,1354,2385
pretrain,18,47,53784,0.801874,0.769231,0.835135,0.751111,1572,2666
pretrain,19,1,53848,0.804552,0.769231,0.840541,0.751111,31,48
pretrain,19,6,54168,0.803213,0.777188,0.829730,0.753333,185,258
pretrain,19,11,54488,0.803213,0.777188,0.829730,0.754444,334,455
pretrain,19,16,54808,0.811245,0.782493,0.840541,0.753333,479,656
pretrain,19,21,55128,0.805890,0.782493,0.829730,0.757778,640,862
pretrain,19,26,55448,0.807229,0.787798,0.827027,0.757778,786,1101
pretrain,19,31,55768,0.797858,0.777188,0.818919,0.757778,921,1338
pretrain,19,36,56088,0.805890,0.787798,0.824324,0.757778,1051,1536
pretrain,19,41,56408,0.799197,0.785146,0.813514,0.755556,1181,1717
pretrain,19,47,56772,0.804552,0.785146,0.824324,0.754444,1352,1983
pretrain,20,1,56836,0.804552,0.785146,0.824324,0.756667,15,33
pretrain,20,6,57156,0.807229,0.790451,0.824324,0.755556,156,194
pretrain,20,11,57476,0.811245,0.793103,0.829730,0.760000,276,360
pretrain,20,16,57796,0.808568,0.782493,0.835135,0.758889,383,523
pretrain,20,21,58116,0.809906,0.787798,0.832432,0.760000,513,711
pretrain,20,26,58436,0.808568,0.793103,0.824324,0.756667,635,895
pretrain,20,31,58756,0.807229,0.793103,0.821622,0.760000,752,1069
pretrain,20,36,59076,0.808568,0.795756,0.821622,0.761111,876,1237
pretrain,20,41,59396,0.803213,0.790451,0.816216,0.758889,990,1423
pretrain,20,47,59760,0.801874,0.785146,0.818919,0.763333,1112,1639
