Phase,Epoch,BatchIdx,SamplesSeen,Val_Accuracy,Class0_Accuracy,Class1_Accuracy,Test_Accuracy,LTP_crossings,LTD_crossings
pretrain,1,1,64,0.504685,1.000000,0.000000,0.501111,0,0
pretrain,1,6,384,0.504685,1.000000,0.000000,0.501111,0,0
pretrain,1,11,704,0.504685,1.000000,0.000000,0.501111,0,0
pretrain,1,16,1024,0.504685,1.000000,0.000000,0.501111,0,0
pretrain,1,21,1344,0.504685,1.000000,0.000000,0.501111,1188,0
pretrain,1,26,1664,0.504685,1.000000,0.000000,0.501111,4983,0
pretrain,1,31,1984,0.504685,1.000000,0.000000,0.501111,8550,0
pretrain,1,36,2304,0.504685,1.000000,0.000000,0.501111,11245,6
pretrain,1,41,2624,0.504685,1.000000,0.000000,0.501111,13779,38
pretrain,1,47,2988,0.504685,1.000000,0.000000,0.501111,16515,133
pretrain,2,1,3052,0.504685,1.000000,0.000000,0.501111,388,19
pretrain,2,6,3372,0.504685,1.000000,0.000000,0.501111,2257,182
pretrain,2,11,3692,0.504685,1.000000,0.000000,0.501111,3963,398
pretrain,2,16,4012,0.504685,1.000000,0.000000,0.501111,5630,638
pretrain,2,21,4332,0.504685,1.000000,0.000000,0.501111,7219,891
pretrain,2,26,4652,0.507363,1.000000,0.005405,0.505556,8809,1206
pretrain,2,31,4972,0.514056,0.994695,0.024324,0.516667,10404,1511
pretrain,2,36,5292,0.522088,0.986737,0.048649,0.526667,12062,1806
pretrain,2,41,5612,0.539491,0.970822,0.100000,0.557778,13732,2085
pretrain,2,47,5976,0.582329,0.925729,0.232432,0.598889,15529,2412
pretrain,3,1,6040,0.589023,0.923077,0.248649,0.601111,287,66
pretrain,3,6,6360,0.623829,0.851459,0.391892,0.637778,1623,374
pretrain,3,11,6680,0.666667,0.763926,0.567568,0.677778,3060,646
pretrain,3,16,7000,0.658635,0.755968,0.559459,0.692222,4785,931
pretrain,3,21,7320,0.658635,0.726790,0.589189,0.692222,6421,1255
pretrain,3,26,7640,0.674699,0.761273,0.586486,0.702222,7950,1608
pretrain,3,31,7960,0.673360,0.763926,0.581081,0.705556,9542,2046
pretrain,3,36,8280,0.672021,0.803714,0.537838,0.702222,11382,2626
pretrain,3,41,8600,0.665328,0.835544,0.491892,0.698889,13292,3243
pretrain,3,47,8964,0.662651,0.846154,0.475676,0.687778,15794,3986
pretrain,4,1,9028,0.657296,0.859416,0.451351,0.678889,462,134
pretrain,4,6,9348,0.653280,0.899204,0.402703,0.664444,3043,913
pretrain,4,11,9668,0.650602,0.899204,0.397297,0.671111,5385,1749
pretrain,4,16,9988,0.658635,0.875332,0.437838,0.692222,7451,2655
pretrain,4,21,10308,0.689424,0.811671,0.564865,0.718889,9879,3677
pretrain,4,26,10628,0.702811,0.694960,0.710811,0.720000,12841,4872
pretrain,4,31,10948,0.710843,0.710875,0.710811,0.723333,15646,6238
pretrain,4,36,11268,0.716198,0.716180,0.716216,0.727778,18856,7920
pretrain,4,41,11588,0.730924,0.734748,0.727027,0.735556,22691,9735
pretrain,4,47,11952,0.751004,0.771883,0.729730,0.765556,27991,12123
pretrain,5,1,12016,0.748327,0.777188,0.718919,0.763333,867,385
pretrain,5,6,12336,0.741633,0.745358,0.737838,0.781111,5855,2534
pretrain,5,11,12656,0.751004,0.684350,0.818919,0.766667,10738,4857
pretrain,5,16,12976,0.730924,0.907162,0.551351,0.767778,15556,7539
pretrain,5,21,13296,0.726908,0.904509,0.545946,0.763333,20413,9898
pretrain,5,26,13616,0.737617,0.896552,0.575676,0.762222,24968,12294
pretrain,5,31,13936,0.759036,0.721485,0.797297,0.776667,29617,14766
pretrain,5,36,14256,0.760375,0.663130,0.859459,0.767778,33093,16962
pretrain,5,41,14576,0.756359,0.793103,0.718919,0.780000,36499,19411
pretrain,5,47,14940,0.768407,0.779841,0.756757,0.777778,39927,22040
pretrain,6,1,15004,0.769746,0.748011,0.791892,0.784444,531,442
pretrain,6,6,15324,0.768407,0.684350,0.854054,0.771111,3076,2492
pretrain,6,11,15644,0.780455,0.771883,0.789189,0.786667,5555,4301
pretrain,6,16,15964,0.751004,0.870027,0.629730,0.772222,7942,6090
pretrain,6,21,16284,0.761714,0.838196,0.683784,0.782222,9788,7445
pretrain,6,26,16604,0.768407,0.692308,0.845946,0.784444,12291,9367
pretrain,6,31,16924,0.760375,0.647215,0.875676,0.760000,14257,10748
pretrain,6,36,17244,0.767068,0.676393,0.859459,0.773333,15879,11970
pretrain,6,41,17564,0.775100,0.803714,0.745946,0.792222,18414,13862
pretrain,6,47,17928,0.748327,0.901857,0.591892,0.782222,21559,16008
pretrain,7,1,17992,0.746988,0.901857,0.589189,0.782222,351,215
pretrain,7,6,18312,0.757697,0.885942,0.627027,0.785556,2225,1383
pretrain,7,11,18632,0.779116,0.819629,0.737838,0.796667,4829,2869
pretrain,7,16,18952,0.771084,0.684350,0.859459,0.780000,7452,4481
pretrain,7,21,19272,0.756359,0.615385,0.900000,0.760000,9337,5581
pretrain,7,26,19592,0.757697,0.620690,0.897297,0.761111,10510,6248
pretrain,7,31,19912,0.760375,0.636605,0.886486,0.773333,11787,7073
pretrain,7,36,20232,0.775100,0.694960,0.856757,0.777778,13730,8284
pretrain,7,41,20552,0.793842,0.782493,0.805405,0.798889,16070,9846
pretrain,7,47,20916,0.772423,0.862069,0.681081,0.777778,18921,11558
pretrain,8,1,20980,0.776439,0.877984,0.672973,0.771111,404,222
pretrain,8,6,21300,0.775100,0.880637,0.667568,0.772222,2034,1029
pretrain,8,11,21620,0.773762,0.870027,0.675676,0.773333,3410,1651
pretrain,8,16,21940,0.775100,0.848806,0.700000,0.781111,4822,2346
pretrain,8,21,22260,0.789826,0.832891,0.745946,0.800000,6407,3353
pretrain,8,26,22580,0.793842,0.782493,0.805405,0.796667,7985,4516
pretrain,8,31,22900,0.791165,0.745358,0.837838,0.792222,9417,5520
pretrain,8,36,23220,0.772423,0.697613,0.848649,0.783333,10718,6328
pretrain,8,41,23540,0.753681,0.631300,0.878378,0.771111,11918,7007
pretrain,8,47,23904,0.759036,0.631300,0.889189,0.764444,13045,7750
pretrain,9,1,23968,0.759036,0.636605,0.883784,0.763333,142,76
pretrain,9,6,24288,0.763052,0.655172,0.872973,0.770000,900,530
pretrain,9,11,24608,0.773762,0.681698,0.867568,0.785556,1717,1043
pretrain,9,16,24928,0.788487,0.716180,0.862162,0.794444,2587,1563
pretrain,9,21,25248,0.795181,0.755968,0.835135,0.795556,3777,2203
pretrain,9,26,25568,0.795181,0.777188,0.813514,0.798889,4976,2875
pretrain,9,31,25888,0.793842,0.806366,0.781081,0.801111,6122,3555
pretrain,9,36,26208,0.795181,0.816976,0.772973,0.800000,6824,3991
pretrain,9,41,26528,0.795181,0.814324,0.775676,0.802222,7536,4430
pretrain,9,47,26892,0.792503,0.806366,0.778378,0.805556,8636,5062
pretrain,10,1,26956,0.792503,0.803714,0.781081,0.803333,170,113
pretrain,10,6,27276,0.793842,0.798408,0.789189,0.805556,962,624
pretrain,10,11,27596,0.799197,0.790451,0.808108,0.801111,1740,1231
pretrain,10,16,27916,0.800535,0.779841,0.821622,0.796667,2494,1836
pretrain,10,21,28236,0.800535,0.774536,0.827027,0.798889,3166,2398
pretrain,10,26,28556,0.800535,0.771883,0.829730,0.801111,3773,2921
pretrain,10,31,28876,0.803213,0.771883,0.835135,0.795556,4311,3472
pretrain,10,36,29196,0.800535,0.766578,0.835135,0.797778,4929,3942
pretrain,10,41,29516,0.797858,0.761273,0.835135,0.794444,5490,4443
pretrain,10,47,29880,0.801874,0.758621,0.845946,0.794444,6219,5018
pretrain,11,1,29944,0.799197,0.753316,0.845946,0.796667,120,73
pretrain,11,6,30264,0.807229,0.763926,0.851351,0.793333,674,475
pretrain,11,11,30584,0.803213,0.758621,0.848649,0.792222,1203,881
pretrain,11,16,30904,0.800535,0.753316,0.848649,0.792222,1703,1214
pretrain,11,21,31224,0.797858,0.737401,0.859459,0.791111,2212,1509
pretrain,11,26,31544,0.791165,0.716180,0.867568,0.791111,2710,1884
pretrain,11,31,31864,0.784471,0.708223,0.862162,0.794444,3220,2251
pretrain,11,36,32184,0.792503,0.724138,0.862162,0.791111,3769,2591
pretrain,11,41,32504,0.797858,0.740053,0.856757,0.794444,4365,2947
pretrain,11,47,32868,0.799197,0.755968,0.843243,0.796667,5110,3448
pretrain,12,1,32932,0.805890,0.766578,0.845946,0.800000,116,86
pretrain,12,6,33252,0.807229,0.774536,0.840541,0.803333,598,365
pretrain,12,11,33572,0.807229,0.774536,0.840541,0.802222,1084,663
pretrain,12,16,33892,0.805890,0.779841,0.832432,0.800000,1523,952
pretrain,12,21,34212,0.807229,0.774536,0.840541,0.800000,1917,1200
pretrain,12,26,34532,0.805890,0.777188,0.835135,0.800000,2341,1450
pretrain,12,31,34852,0.804552,0.779841,0.829730,0.798889,2745,1691
pretrain,12,36,35172,0.807229,0.782493,0.832432,0.802222,3151,1952
pretrain,12,41,35492,0.808568,0.790451,0.827027,0.798889,3563,2184
pretrain,12,47,35856,0.805890,0.785146,0.827027,0.803333,4048,2434
pretrain,13,1,35920,0.808568,0.790451,0.827027,0.803333,74,47
pretrain,13,6,36240,0.812584,0.795756,0.829730,0.801111,406,298
pretrain,13,11,36560,0.804552,0.787798,0.821622,0.801111,719,515
pretrain,13,16,36880,0.807229,0.787798,0.827027,0.797778,1075,756
pretrain,13,21,37200,0.807229,0.782493,0.832432,0.801111,1461,983
pretrain,13,26,37520,0.807229,0.779841,0.835135,0.801111,1829,1189
pretrain,13,31,37840,0.804552,0.785146,0.824324,0.801111,2176,1413
pretrain,13,36,38160,0.804552,0.779841,0.829730,0.801111,2621,1634
pretrain,13,41,38480,0.804552,0.763926,0.845946,0.796667,3121,1899
pretrain,13,47,38844,0.808568,0.763926,0.854054,0.797778,3580,2184
pretrain,14,1,38908,0.808568,0.763926,0.854054,0.796667,58,32
pretrain,14,6,39228,0.805890,0.755968,0.856757,0.794444,438,225
pretrain,14,11,39548,0.804552,0.753316,0.856757,0.792222,718,382
pretrain,14,16,39868,0.805890,0.753316,0.859459,0.790000,949,538
pretrain,14,21,40188,0.805890,0.758621,0.854054,0.794444,1178,710
pretrain,14,26,40508,0.807229,0.758621,0.856757,0.795556,1399,909
pretrain,14,31,40828,0.809906,0.766578,0.854054,0.796667,1701,1139
pretrain,14,36,41148,0.804552,0.766578,0.843243,0.801111,1978,1408
pretrain,14,41,41468,0.804552,0.774536,0.835135,0.805556,2284,1642
pretrain,14,47,41832,0.804552,0.782493,0.827027,0.805556,2663,1959
pretrain,15,1,41896,0.807229,0.787798,0.827027,0.806667,41,44
pretrain,15,6,42216,0.807229,0.787798,0.827027,0.803333,302,248
pretrain,15,11,42536,0.807229,0.787798,0.827027,0.804444,528,442
pretrain,15,16,42856,0.807229,0.790451,0.824324,0.808889,751,615
pretrain,15,21,43176,0.803213,0.787798,0.818919,0.804444,956,774
pretrain,15,26,43496,0.805890,0.787798,0.824324,0.804444,1179,970
pretrain,15,31,43816,0.808568,0.785146,0.832432,0.804444,1400,1171
pretrain,15,36,44136,0.807229,0.782493,0.832432,0.804444,1679,1348
pretrain,15,41,44456,0.801874,0.771883,0.832432,0.803333,1956,1497
pretrain,15,47,44820,0.801874,0.766578,0.837838,0.803333,2245,1662
pretrain,16,1,44884,0.805890,0.771883,0.840541,0.803333,39,21
pretrain,16,6,45204,0.799197,0.769231,0.829730,0.803333,235,118
pretrain,16,11,45524,0.803213,0.771883,0.835135,0.805556,376,238
pretrain,16,16,45844,0.801874,0.769231,0.835135,0.800000,546,368
pretrain,16,21,46164,0.800535,0.769231,0.832432,0.801111,735,495
pretrain,16,26,46484,0.805890,0.771883,0.840541,0.797778,929,616
pretrain,16,31,46804,0.801874,0.766578,0.837838,0.797778,1094,738
pretrain,16,36,47124,0.799197,0.763926,0.835135,0.798889,1246,841
pretrain,16,41,47444,0.807229,0.766578,0.848649,0.800000,1386,945
pretrain,16,47,47808,0.808568,0.771883,0.845946,0.798889,1529,1063
pretrain,17,1,47872,0.807229,0.771883,0.843243,0.801111,23,8
pretrain,17,6,48192,0.801874,0.763926,0.840541,0.803333,118,81
pretrain,17,11,48512,0.805890,0.766578,0.845946,0.803333,236,162
pretrain,17,16,48832,0.805890,0.769231,0.843243,0.803333,350,274
pretrain,17,21,49152,0.804552,0.763926,0.845946,0.801111,450,377
pretrain,17,26,49472,0.808568,0.769231,0.848649,0.802222,550,482
pretrain,17,31,49792,0.805890,0.763926,0.848649,0.801111,659,561
pretrain,17,36,50112,0.807229,0.763926,0.851351,0.802222,788,653
pretrain,17,41,50432,0.808568,0.769231,0.848649,0.804444,906,752
pretrain,17,47,50796,0.809906,0.769231,0.851351,0.802222,1017,839
pretrain,18,1,50860,0.808568,0.769231,0.848649,0.803333,20,17
pretrain,18,6,51180,0.807229,0.766578,0.848649,0.802222,130,84
pretrain,18,11,51500,0.805890,0.769231,0.843243,0.802222,211,126
pretrain,18,16,51820,0.804552,0.766578,0.843243,0.804444,304,203
pretrain,18,21,52140,0.804552,0.766578,0.843243,0.805556,383,264
pretrain,18,26,52460,0.805890,0.766578,0.845946,0.806667,470,310
pretrain,18,31,52780,0.804552,0.766578,0.843243,0.810000,575,369
pretrain,18,36,53100,0.805890,0.766578,0.845946,0.805556,662,412
pretrain,18,41,53420,0.804552,0.769231,0.840541,0.804444,750,459
pretrain,18,47,53784,0.809906,0.771883,0.848649,0.804444,875,539
pretrain,19,1,53848,0.808568,0.771883,0.845946,0.803333,18,9
pretrain,19,6,54168,0.807229,0.769231,0.845946,0.801111,114,60
pretrain,19,11,54488,0.805890,0.769231,0.843243,0.803333,199,106
pretrain,19,16,54808,0.803213,0.766578,0.840541,0.804444,294,140
pretrain,19,21,55128,0.807229,0.766578,0.848649,0.801111,367,181
pretrain,19,26,55448,0.803213,0.766578,0.840541,0.798889,452,240
pretrain,19,31,55768,0.803213,0.766578,0.840541,0.801111,537,309
pretrain,19,36,56088,0.805890,0.766578,0.845946,0.800000,606,357
pretrain,19,41,56408,0.808568,0.769231,0.848649,0.800000,693,422
pretrain,19,47,56772,0.807229,0.766578,0.848649,0.802222,775,480
pretrain,20,1,56836,0.804552,0.766578,0.843243,0.801111,9,8
pretrain,20,6,57156,0.803213,0.763926,0.843243,0.801111,62,48
pretrain,20,11,57476,0.804552,0.763926,0.845946,0.798889,125,76
pretrain,20,16,57796,0.804552,0.763926,0.845946,0.802222,192,114
pretrain,20,21,58116,0.804552,0.761273,0.848649,0.800000,256,148
pretrain,20,26,58436,0.804552,0.761273,0.848649,0.800000,311,194
pretrain,20,31,58756,0.804552,0.763926,0.845946,0.802222,371,258
pretrain,20,36,59076,0.805890,0.763926,0.848649,0.800000,441,315
pretrain,20,41,59396,0.803213,0.761273,0.845946,0.800000,506,358
pretrain,20,47,59760,0.801874,0.763926,0.840541,0.806667,594,418
