Phase,Epoch,BatchIdx,SamplesSeen,Val_Accuracy,Class0_Accuracy,Class1_Accuracy,Test_Accuracy,LTP_crossings,LTD_crossings
pretrain,1,1,64,0.504685,1.000000,0.000000,0.501111,0,0
pretrain,1,6,384,0.504685,1.000000,0.000000,0.501111,0,0
pretrain,1,11,704,0.504685,1.000000,0.000000,0.501111,0,0
pretrain,1,16,1024,0.504685,1.000000,0.000000,0.501111,0,0
pretrain,1,21,1344,0.504685,1.000000,0.000000,0.501111,1175,561
pretrain,1,26,1664,0.504685,1.000000,0.000000,0.500000,4789,3277
pretrain,1,31,1984,0.504685,1.000000,0.000000,0.501111,8208,6434
pretrain,1,36,2304,0.507363,1.000000,0.005405,0.503333,11009,9481
pretrain,1,41,2624,0.504685,1.000000,0.000000,0.502222,13258,11996
pretrain,1,47,2988,0.504685,1.000000,0.000000,0.501111,15981,14885
pretrain,2,1,3052,0.504685,1.000000,0.000000,0.501111,358,415
pretrain,2,6,3372,0.504685,1.000000,0.000000,0.501111,2017,2490
pretrain,2,11,3692,0.504685,1.000000,0.000000,0.502222,3850,4441
pretrain,2,16,4012,0.503347,0.994695,0.002703,0.510000,5389,5923
pretrain,2,21,4332,0.516734,0.976127,0.048649,0.554444,6755,7385
pretrain,2,26,4652,0.555556,0.936340,0.167568,0.587778,8157,8934
pretrain,2,31,4972,0.605087,0.875332,0.329730,0.626667,9550,10617
pretrain,2,36,5292,0.627845,0.835544,0.416216,0.652222,10990,12331
pretrain,2,41,5612,0.619813,0.893899,0.340541,0.634444,12526,13985
pretrain,2,47,5976,0.637216,0.867374,0.402703,0.654444,14437,15811
pretrain,3,1,6040,0.639893,0.867374,0.408108,0.650000,396,301
pretrain,3,6,6360,0.669344,0.798408,0.537838,0.686667,2066,1664
pretrain,3,11,6680,0.692102,0.718833,0.664865,0.720000,3817,3055
pretrain,3,16,7000,0.702811,0.649867,0.756757,0.711111,5413,4605
pretrain,3,21,7320,0.700134,0.620690,0.781081,0.706667,7174,6245
pretrain,3,26,7640,0.708166,0.705570,0.710811,0.710000,9226,8128
pretrain,3,31,7960,0.700134,0.785146,0.613514,0.713333,11751,10544
pretrain,3,36,8280,0.697456,0.816976,0.575676,0.733333,14549,13537
pretrain,3,41,8600,0.724230,0.771883,0.675676,0.734444,17963,16651
pretrain,3,47,8964,0.732262,0.859416,0.602703,0.761111,23336,21416
pretrain,4,1,9028,0.714859,0.912467,0.513514,0.743333,885,912
pretrain,4,6,9348,0.721553,0.883289,0.556757,0.767778,5178,5610
pretrain,4,11,9668,0.684070,0.400531,0.972973,0.691111,10333,10761
pretrain,4,16,9988,0.752343,0.766578,0.737838,0.773333,14979,15802
pretrain,4,21,10308,0.693440,0.925729,0.456757,0.730000,20228,21766
pretrain,4,26,10628,0.737617,0.713528,0.762162,0.755556,26344,27643
pretrain,4,31,10948,0.737617,0.684350,0.791892,0.755556,30549,32661
pretrain,4,36,11268,0.746988,0.830239,0.662162,0.764444,34691,37704
pretrain,4,41,11588,0.753681,0.832891,0.672973,0.774444,38711,42683
pretrain,4,47,11952,0.761714,0.753316,0.770270,0.770000,43945,48700
pretrain,5,1,12016,0.756359,0.774536,0.737838,0.773333,676,762
pretrain,5,6,12336,0.759036,0.721485,0.797297,0.774444,4288,4393
pretrain,5,11,12656,0.764391,0.681698,0.848649,0.780000,8349,8382
pretrain,5,16,12976,0.752343,0.867374,0.635135,0.787778,11971,12801
pretrain,5,21,13296,0.749665,0.896552,0.600000,0.786667,15041,16045
pretrain,5,26,13616,0.759036,0.872679,0.643243,0.784444,17583,18788
pretrain,5,31,13936,0.777778,0.758621,0.797297,0.788889,20946,21890
pretrain,5,36,14256,0.760375,0.625995,0.897297,0.760000,23847,24694
pretrain,5,41,14576,0.772423,0.687003,0.859459,0.772222,26022,27496
pretrain,5,47,14940,0.761714,0.824934,0.697297,0.795556,29631,31891
pretrain,6,1,15004,0.768407,0.843501,0.691892,0.792222,428,619
pretrain,6,6,15324,0.768407,0.838196,0.697297,0.795556,2044,2823
pretrain,6,11,15644,0.789826,0.793103,0.786486,0.791111,3977,4972
pretrain,6,16,15964,0.780455,0.708223,0.854054,0.788889,6122,7219
pretrain,6,21,16284,0.773762,0.673740,0.875676,0.776667,7947,9239
pretrain,6,26,16604,0.777778,0.687003,0.870270,0.773333,9386,10932
pretrain,6,31,16924,0.787149,0.726790,0.848649,0.793333,10918,13133
pretrain,6,36,17244,0.791165,0.782493,0.800000,0.800000,12692,15360
pretrain,6,41,17564,0.783133,0.827586,0.737838,0.796667,14475,17471
pretrain,6,47,17928,0.781794,0.846154,0.716216,0.791111,16289,19674
pretrain,7,1,17992,0.783133,0.848806,0.716216,0.794444,264,316
pretrain,7,6,18312,0.793842,0.787798,0.800000,0.794444,2053,2352
pretrain,7,11,18632,0.769746,0.687003,0.854054,0.780000,4225,4657
pretrain,7,16,18952,0.767068,0.663130,0.872973,0.781111,5658,6383
pretrain,7,21,19272,0.772423,0.660477,0.886486,0.778889,6971,7892
pretrain,7,26,19592,0.771084,0.676393,0.867568,0.783333,8481,9361
pretrain,7,31,19912,0.781794,0.713528,0.851351,0.790000,10255,10969
pretrain,7,36,20232,0.797858,0.769231,0.827027,0.795556,11998,12811
pretrain,7,41,20552,0.807229,0.830239,0.783784,0.808889,13686,14464
pretrain,7,47,20916,0.791165,0.840849,0.740541,0.797778,15603,16116
pretrain,8,1,20980,0.781794,0.838196,0.724324,0.795556,307,250
pretrain,8,6,21300,0.787149,0.840849,0.732432,0.793333,1665,1421
pretrain,8,11,21620,0.792503,0.824934,0.759459,0.794444,3183,2733
pretrain,8,16,21940,0.797858,0.811671,0.783784,0.803333,4887,4132
pretrain,8,21,22260,0.807229,0.782493,0.832432,0.805556,6962,5627
pretrain,8,26,22580,0.800535,0.742706,0.859459,0.801111,8649,6921
pretrain,8,31,22900,0.796519,0.729443,0.864865,0.792222,9999,8043
pretrain,8,36,23220,0.796519,0.729443,0.864865,0.792222,11245,8985
pretrain,8,41,23540,0.795181,0.726790,0.864865,0.790000,12450,10036
pretrain,8,47,23904,0.807229,0.753316,0.862162,0.790000,13916,11388
pretrain,9,1,23968,0.805890,0.755968,0.856757,0.794444,209,215
pretrain,9,6,24288,0.804552,0.771883,0.837838,0.800000,1337,1360
pretrain,9,11,24608,0.797858,0.763926,0.832432,0.801111,2366,2380
pretrain,9,16,24928,0.796519,0.758621,0.835135,0.803333,3563,3502
pretrain,9,21,25248,0.800535,0.777188,0.824324,0.802222,4657,4639
pretrain,9,26,25568,0.805890,0.798408,0.813514,0.796667,5858,5698
pretrain,9,31,25888,0.796519,0.811671,0.781081,0.798889,7052,6839
pretrain,9,36,26208,0.793842,0.806366,0.781081,0.794444,8154,7776
pretrain,9,41,26528,0.801874,0.809019,0.794595,0.796667,9508,8854
pretrain,9,47,26892,0.804552,0.795756,0.813514,0.796667,11408,10273
pretrain,10,1,26956,0.804552,0.790451,0.818919,0.795556,246,183
pretrain,10,6,27276,0.805890,0.779841,0.832432,0.797778,1432,1090
pretrain,10,11,27596,0.796519,0.771883,0.821622,0.797778,2705,2046
pretrain,10,16,27916,0.799197,0.787798,0.810811,0.802222,3952,3076
pretrain,10,21,28236,0.800535,0.806366,0.794595,0.811111,5184,4083
pretrain,10,26,28556,0.803213,0.840849,0.764865,0.807778,6329,5212
pretrain,10,31,28876,0.799197,0.840849,0.756757,0.806667,7347,6123
pretrain,10,36,29196,0.791165,0.840849,0.740541,0.808889,8247,6989
pretrain,10,41,29516,0.792503,0.822281,0.762162,0.805556,9167,7885
pretrain,10,47,29880,0.807229,0.801061,0.813514,0.802222,10197,8961
pretrain,11,1,29944,0.809906,0.803714,0.816216,0.801111,177,167
pretrain,11,6,30264,0.811245,0.795756,0.827027,0.798889,977,1081
pretrain,11,11,30584,0.811245,0.790451,0.832432,0.801111,1847,1968
pretrain,11,16,30904,0.808568,0.779841,0.837838,0.805556,2713,2804
pretrain,11,21,31224,0.801874,0.763926,0.840541,0.803333,3572,3683
pretrain,11,26,31544,0.801874,0.750663,0.854054,0.802222,4390,4525
pretrain,11,31,31864,0.803213,0.758621,0.848649,0.804444,5199,5199
pretrain,11,36,32184,0.811245,0.777188,0.845946,0.801111,6070,5963
pretrain,11,41,32504,0.816600,0.803714,0.829730,0.807778,7002,6845
pretrain,11,47,32868,0.816600,0.822281,0.810811,0.804444,7956,7840
pretrain,12,1,32932,0.817938,0.824934,0.810811,0.806667,130,126
pretrain,12,6,33252,0.812584,0.827586,0.797297,0.808889,749,769
pretrain,12,11,33572,0.809906,0.827586,0.791892,0.811111,1281,1399
pretrain,12,16,33892,0.809906,0.824934,0.794595,0.810000,1816,1924
pretrain,12,21,34212,0.809906,0.822281,0.797297,0.813333,2451,2491
pretrain,12,26,34532,0.813922,0.819629,0.808108,0.812222,3159,3105
pretrain,12,31,34852,0.812584,0.803714,0.821622,0.812222,3800,3779
pretrain,12,36,35172,0.811245,0.798408,0.824324,0.813333,4338,4350
pretrain,12,41,35492,0.813922,0.801061,0.827027,0.813333,4805,4888
pretrain,12,47,35856,0.811245,0.790451,0.832432,0.808889,5544,5610
pretrain,13,1,35920,0.815261,0.798408,0.832432,0.811111,122,96
pretrain,13,6,36240,0.813922,0.795756,0.832432,0.807778,661,563
pretrain,13,11,36560,0.816600,0.798408,0.835135,0.810000,1111,1008
pretrain,13,16,36880,0.812584,0.793103,0.832432,0.808889,1492,1446
pretrain,13,21,37200,0.813922,0.795756,0.832432,0.808889,1875,1912
pretrain,13,26,37520,0.815261,0.803714,0.827027,0.814444,2343,2414
pretrain,13,31,37840,0.815261,0.806366,0.824324,0.815556,2701,2830
pretrain,13,36,38160,0.811245,0.806366,0.816216,0.814444,3073,3301
pretrain,13,41,38480,0.816600,0.811671,0.821622,0.811111,3442,3701
pretrain,13,47,38844,0.809906,0.801061,0.818919,0.815556,3926,4218
pretrain,14,1,38908,0.809906,0.801061,0.818919,0.812222,46,68
pretrain,14,6,39228,0.809906,0.790451,0.829730,0.810000,399,528
pretrain,14,11,39548,0.804552,0.779841,0.829730,0.807778,800,1011
pretrain,14,16,39868,0.804552,0.779841,0.829730,0.805556,1200,1406
pretrain,14,21,40188,0.808568,0.779841,0.837838,0.806667,1613,1822
pretrain,14,26,40508,0.813922,0.779841,0.848649,0.803333,1989,2211
pretrain,14,31,40828,0.809906,0.774536,0.845946,0.804444,2379,2636
pretrain,14,36,41148,0.815261,0.777188,0.854054,0.805556,2773,3016
pretrain,14,41,41468,0.812584,0.771883,0.854054,0.806667,3196,3398
pretrain,14,47,41832,0.815261,0.777188,0.854054,0.810000,3706,3902
pretrain,15,1,41896,0.812584,0.769231,0.856757,0.810000,70,75
pretrain,15,6,42216,0.811245,0.771883,0.851351,0.808889,375,398
pretrain,15,11,42536,0.815261,0.774536,0.856757,0.806667,674,720
pretrain,15,16,42856,0.812584,0.771883,0.854054,0.810000,1003,1021
pretrain,15,21,43176,0.815261,0.779841,0.851351,0.808889,1284,1314
pretrain,15,26,43496,0.812584,0.777188,0.848649,0.811111,1565,1594
pretrain,15,31,43816,0.812584,0.774536,0.851351,0.810000,1874,1881
pretrain,15,36,44136,0.811245,0.777188,0.845946,0.810000,2199,2145
pretrain,15,41,44456,0.816600,0.785146,0.848649,0.811111,2510,2459
pretrain,15,47,44820,0.819277,0.798408,0.840541,0.811111,2874,2828
pretrain,16,1,44884,0.820616,0.798408,0.843243,0.814444,41,43
pretrain,16,6,45204,0.817938,0.801061,0.835135,0.814444,302,264
pretrain,16,11,45524,0.815261,0.801061,0.829730,0.817778,523,478
pretrain,16,16,45844,0.815261,0.803714,0.827027,0.813333,770,743
pretrain,16,21,46164,0.807229,0.793103,0.821622,0.812222,980,988
pretrain,16,26,46484,0.807229,0.793103,0.821622,0.811111,1183,1186
pretrain,16,31,46804,0.808568,0.790451,0.827027,0.811111,1431,1377
pretrain,16,36,47124,0.807229,0.790451,0.824324,0.808889,1696,1575
pretrain,16,41,47444,0.808568,0.790451,0.827027,0.812222,1902,1737
pretrain,16,47,47808,0.812584,0.790451,0.835135,0.813333,2185,1972
pretrain,17,1,47872,0.811245,0.787798,0.835135,0.812222,48,29
pretrain,17,6,48192,0.804552,0.779841,0.829730,0.812222,241,184
pretrain,17,11,48512,0.808568,0.779841,0.837838,0.810000,431,353
pretrain,17,16,48832,0.808568,0.777188,0.840541,0.818889,593,512
pretrain,17,21,49152,0.811245,0.777188,0.845946,0.815556,802,688
pretrain,17,26,49472,0.815261,0.782493,0.848649,0.817778,1003,843
pretrain,17,31,49792,0.816600,0.779841,0.854054,0.817778,1200,1010
pretrain,17,36,50112,0.821954,0.779841,0.864865,0.817778,1388,1164
pretrain,17,41,50432,0.817938,0.782493,0.854054,0.817778,1540,1301
pretrain,17,47,50796,0.817938,0.785146,0.851351,0.818889,1712,1479
pretrain,18,1,50860,0.813922,0.777188,0.851351,0.816667,29,21
pretrain,18,6,51180,0.811245,0.774536,0.848649,0.821111,161,132
pretrain,18,11,51500,0.812584,0.777188,0.848649,0.820000,296,222
pretrain,18,16,51820,0.812584,0.779841,0.845946,0.818889,437,339
pretrain,18,21,52140,0.811245,0.779841,0.843243,0.814444,584,457
pretrain,18,26,52460,0.809906,0.777188,0.843243,0.816667,699,552
pretrain,18,31,52780,0.813922,0.782493,0.845946,0.817778,811,668
pretrain,18,36,53100,0.812584,0.782493,0.843243,0.818889,922,777
pretrain,18,41,53420,0.811245,0.779841,0.843243,0.821111,1044,877
pretrain,18,47,53784,0.813922,0.785146,0.843243,0.821111,1179,1027
pretrain,19,1,53848,0.812584,0.785146,0.840541,0.818889,25,17
pretrain,19,6,54168,0.813922,0.787798,0.840541,0.818889,135,126
pretrain,19,11,54488,0.812584,0.782493,0.843243,0.813333,264,239
pretrain,19,16,54808,0.809906,0.779841,0.840541,0.817778,359,323
pretrain,19,21,55128,0.811245,0.782493,0.840541,0.818889,488,410
pretrain,19,26,55448,0.815261,0.790451,0.840541,0.816667,603,503
pretrain,19,31,55768,0.811245,0.779841,0.843243,0.817778,692,603
pretrain,19,36,56088,0.808568,0.777188,0.840541,0.820000,785,683
pretrain,19,41,56408,0.808568,0.777188,0.840541,0.820000,886,764
pretrain,19,47,56772,0.811245,0.782493,0.840541,0.818889,987,863
pretrain,20,1,56836,0.807229,0.777188,0.837838,0.820000,18,14
pretrain,20,6,57156,0.813922,0.787798,0.840541,0.818889,92,89
pretrain,20,11,57476,0.812584,0.785146,0.840541,0.816667,170,165
pretrain,20,16,57796,0.809906,0.782493,0.837838,0.818889,260,241
pretrain,20,21,58116,0.809906,0.782493,0.837838,0.818889,354,310
pretrain,20,26,58436,0.811245,0.782493,0.840541,0.816667,430,411
pretrain,20,31,58756,0.811245,0.782493,0.840541,0.816667,504,473
pretrain,20,36,59076,0.809906,0.782493,0.837838,0.820000,583,565
pretrain,20,41,59396,0.809906,0.779841,0.840541,0.818889,679,635
pretrain,20,47,59760,0.811245,0.782493,0.840541,0.816667,790,719
