Phase,Epoch,BatchIdx,SamplesSeen,Val_Accuracy,Class0_Accuracy,Class1_Accuracy,Test_Accuracy,LTP_crossings,LTD_crossings
pretrain,1,1,64,0.504685,1.000000,0.000000,0.501111,0,0
pretrain,1,6,384,0.504685,1.000000,0.000000,0.501111,0,0
pretrain,1,11,704,0.504685,1.000000,0.000000,0.501111,0,0
pretrain,1,16,1024,0.504685,1.000000,0.000000,0.501111,0,0
pretrain,1,21,1344,0.504685,1.000000,0.000000,0.501111,0,0
pretrain,1,26,1664,0.504685,1.000000,0.000000,0.501111,0,0
pretrain,1,31,1984,0.504685,1.000000,0.000000,0.501111,0,0
pretrain,1,36,2304,0.504685,1.000000,0.000000,0.501111,0,5
pretrain,1,41,2624,0.504685,1.000000,0.000000,0.501111,78,61
pretrain,1,47,2988,0.504685,1.000000,0.000000,0.501111,602,193
pretrain,2,1,3052,0.504685,1.000000,0.000000,0.501111,43,42
pretrain,2,6,3372,0.504685,1.000000,0.000000,0.501111,240,258
pretrain,2,11,3692,0.504685,1.000000,0.000000,0.501111,527,590
pretrain,2,16,4012,0.504685,1.000000,0.000000,0.501111,957,919
pretrain,2,21,4332,0.504685,1.000000,0.000000,0.501111,1509,1401
pretrain,2,26,4652,0.504685,1.000000,0.000000,0.501111,1897,1957
pretrain,2,31,4972,0.504685,1.000000,0.000000,0.501111,2233,2402
pretrain,2,36,5292,0.504685,1.000000,0.000000,0.501111,2577,2831
pretrain,2,41,5612,0.504685,1.000000,0.000000,0.501111,2840,3157
pretrain,2,47,5976,0.504685,1.000000,0.000000,0.501111,3230,3510
pretrain,3,1,6040,0.504685,1.000000,0.000000,0.501111,65,42
pretrain,3,6,6360,0.504685,1.000000,0.000000,0.501111,426,302
pretrain,3,11,6680,0.504685,1.000000,0.000000,0.501111,784,528
pretrain,3,16,7000,0.507363,1.000000,0.005405,0.502222,1160,711
pretrain,3,21,7320,0.511379,1.000000,0.013514,0.507778,1460,914
pretrain,3,26,7640,0.516734,1.000000,0.024324,0.522222,1807,1100
pretrain,3,31,7960,0.532798,0.994695,0.062162,0.542222,2132,1305
pretrain,3,36,8280,0.551539,0.984085,0.110811,0.582222,2372,1529
pretrain,3,41,8600,0.571620,0.957560,0.178378,0.625556,2568,1770
pretrain,3,47,8964,0.598394,0.960212,0.229730,0.640000,2842,1962
pretrain,4,1,9028,0.609103,0.962865,0.248649,0.652222,43,38
pretrain,4,6,9348,0.602410,0.960212,0.237838,0.652222,253,229
pretrain,4,11,9668,0.623829,0.936340,0.305405,0.666667,454,452
pretrain,4,16,9988,0.625167,0.928382,0.316216,0.665556,691,705
pretrain,4,21,10308,0.627845,0.925729,0.324324,0.674444,952,932
pretrain,4,26,10628,0.643909,0.907162,0.375676,0.694444,1384,1273
pretrain,4,31,10948,0.634538,0.891247,0.372973,0.675556,1896,1757
pretrain,4,36,11268,0.653280,0.875332,0.427027,0.684444,2915,2332
pretrain,4,41,11588,0.654618,0.875332,0.429730,0.680000,3777,2880
pretrain,4,47,11952,0.669344,0.870027,0.464865,0.677778,5058,3735
pretrain,5,1,12016,0.669344,0.870027,0.464865,0.684444,157,115
pretrain,5,6,12336,0.680054,0.835544,0.521622,0.702222,1143,876
pretrain,5,11,12656,0.680054,0.785146,0.572973,0.717778,2360,1766
pretrain,5,16,12976,0.689424,0.774536,0.602703,0.720000,3694,2715
pretrain,5,21,13296,0.678715,0.824934,0.529730,0.698889,5162,3903
pretrain,5,26,13616,0.649264,0.891247,0.402703,0.675556,6736,5185
pretrain,5,31,13936,0.651941,0.904509,0.394595,0.671111,8282,6490
pretrain,5,36,14256,0.659973,0.891247,0.424324,0.684444,10085,7937
pretrain,5,41,14576,0.690763,0.835544,0.543243,0.708889,11948,9468
pretrain,5,47,14940,0.725569,0.694960,0.756757,0.722222,14643,11571
pretrain,6,1,15004,0.726908,0.689655,0.764865,0.722222,399,302
pretrain,6,6,15324,0.717537,0.610080,0.827027,0.721111,2420,1795
pretrain,6,11,15644,0.728246,0.689655,0.767568,0.742222,4401,3399
pretrain,6,16,15964,0.728246,0.785146,0.670270,0.737778,6463,5221
pretrain,6,21,16284,0.744311,0.734748,0.754054,0.740000,8414,7207
pretrain,6,26,16604,0.746988,0.694960,0.800000,0.745556,10487,9378
pretrain,6,31,16924,0.757697,0.758621,0.756757,0.750000,12949,11800
pretrain,6,36,17244,0.745649,0.832891,0.656757,0.773333,15759,14652
pretrain,6,41,17564,0.708166,0.915119,0.497297,0.758889,18490,17778
pretrain,6,47,17928,0.759036,0.737401,0.781081,0.783333,21937,21833
pretrain,7,1,17992,0.742972,0.676393,0.810811,0.770000,554,613
pretrain,7,6,18312,0.745649,0.604775,0.889189,0.755556,3042,3394
pretrain,7,11,18632,0.752343,0.729443,0.775676,0.783333,5514,6167
pretrain,7,16,18952,0.712182,0.938992,0.481081,0.754444,8531,9320
pretrain,7,21,19272,0.726908,0.899204,0.551351,0.760000,10320,11773
pretrain,7,26,19592,0.768407,0.750663,0.786486,0.767778,13063,15067
pretrain,7,31,19912,0.744311,0.641910,0.848649,0.767778,14782,17312
pretrain,7,36,20232,0.759036,0.687003,0.832432,0.781111,16087,19101
pretrain,7,41,20552,0.776439,0.779841,0.772973,0.781111,17904,21229
pretrain,7,47,20916,0.733601,0.904509,0.559459,0.765556,20702,24624
pretrain,8,1,20980,0.724230,0.915119,0.529730,0.768889,369,417
pretrain,8,6,21300,0.728246,0.920424,0.532432,0.771111,1670,1807
pretrain,8,11,21620,0.753681,0.864721,0.640541,0.784444,3218,3337
pretrain,8,16,21940,0.769746,0.755968,0.783784,0.770000,5163,5147
pretrain,8,21,22260,0.767068,0.687003,0.848649,0.783333,6767,6704
pretrain,8,26,22580,0.765730,0.684350,0.848649,0.783333,7973,7993
pretrain,8,31,22900,0.773762,0.716180,0.832432,0.786667,9027,9383
pretrain,8,36,23220,0.791165,0.793103,0.789189,0.790000,10423,11123
pretrain,8,41,23540,0.776439,0.819629,0.732432,0.788889,11583,12571
pretrain,8,47,23904,0.779116,0.814324,0.743243,0.786667,13054,14085
pretrain,9,1,23968,0.776439,0.809019,0.743243,0.788889,191,204
pretrain,9,6,24288,0.777778,0.793103,0.762162,0.783333,1234,1202
pretrain,9,11,24608,0.787149,0.782493,0.791892,0.781111,2324,2118
pretrain,9,16,24928,0.787149,0.771883,0.802703,0.782222,3278,3084
pretrain,9,21,25248,0.783133,0.758621,0.808108,0.784444,3974,3975
pretrain,9,26,25568,0.788487,0.774536,0.802703,0.786667,4695,4937
pretrain,9,31,25888,0.788487,0.798408,0.778378,0.792222,5623,6011
pretrain,9,36,26208,0.785810,0.801061,0.770270,0.794444,6561,7024
pretrain,9,41,26528,0.792503,0.798408,0.786486,0.793333,7427,7879
pretrain,9,47,26892,0.789826,0.779841,0.800000,0.798889,8359,8878
pretrain,10,1,26956,0.789826,0.774536,0.805405,0.798889,158,148
pretrain,10,6,27276,0.793842,0.777188,0.810811,0.798889,817,956
pretrain,10,11,27596,0.783133,0.763926,0.802703,0.798889,1385,1689
pretrain,10,16,27916,0.788487,0.771883,0.805405,0.793333,1976,2269
pretrain,10,21,28236,0.792503,0.785146,0.800000,0.792222,2674,2968
pretrain,10,26,28556,0.793842,0.801061,0.786486,0.791111,3373,3684
pretrain,10,31,28876,0.787149,0.809019,0.764865,0.786667,4148,4373
pretrain,10,36,29196,0.787149,0.814324,0.759459,0.788889,4753,5035
pretrain,10,41,29516,0.789826,0.801061,0.778378,0.790000,5476,5784
pretrain,10,47,29880,0.795181,0.771883,0.818919,0.798889,6461,6671
pretrain,11,1,29944,0.797858,0.774536,0.821622,0.797778,110,114
pretrain,11,6,30264,0.796519,0.771883,0.821622,0.793333,542,654
pretrain,11,11,30584,0.793842,0.766578,0.821622,0.795556,1022,1198
pretrain,11,16,30904,0.795181,0.761273,0.829730,0.793333,1526,1725
pretrain,11,21,31224,0.788487,0.750663,0.827027,0.788889,2065,2303
pretrain,11,26,31544,0.783133,0.734748,0.832432,0.790000,2562,2814
pretrain,11,31,31864,0.784471,0.734748,0.835135,0.786667,2997,3257
pretrain,11,36,32184,0.785810,0.737401,0.835135,0.790000,3419,3718
pretrain,11,41,32504,0.793842,0.761273,0.827027,0.788889,3965,4253
pretrain,11,47,32868,0.797858,0.779841,0.816216,0.798889,4641,4922
pretrain,12,1,32932,0.796519,0.779841,0.813514,0.801111,79,67
pretrain,12,6,33252,0.804552,0.798408,0.810811,0.796667,487,468
pretrain,12,11,33572,0.800535,0.801061,0.800000,0.802222,944,859
pretrain,12,16,33892,0.803213,0.803714,0.802703,0.803333,1332,1240
pretrain,12,21,34212,0.803213,0.803714,0.802703,0.803333,1744,1652
pretrain,12,26,34532,0.800535,0.798408,0.802703,0.801111,2157,2032
pretrain,12,31,34852,0.796519,0.795756,0.797297,0.804444,2559,2387
pretrain,12,36,35172,0.799197,0.790451,0.808108,0.802222,2883,2727
pretrain,12,41,35492,0.799197,0.790451,0.808108,0.804444,3216,3070
pretrain,12,47,35856,0.800535,0.790451,0.810811,0.801111,3696,3559
pretrain,13,1,35920,0.800535,0.787798,0.813514,0.802222,62,77
pretrain,13,6,36240,0.803213,0.787798,0.818919,0.802222,381,401
pretrain,13,11,36560,0.801874,0.790451,0.813514,0.797778,706,740
pretrain,13,16,36880,0.803213,0.793103,0.813514,0.801111,1003,1088
pretrain,13,21,37200,0.801874,0.787798,0.816216,0.797778,1374,1423
pretrain,13,26,37520,0.804552,0.787798,0.821622,0.800000,1761,1814
pretrain,13,31,37840,0.803213,0.793103,0.813514,0.801111,2016,2166
pretrain,13,36,38160,0.803213,0.785146,0.821622,0.801111,2367,2519
pretrain,13,41,38480,0.803213,0.782493,0.824324,0.798889,2662,2864
pretrain,13,47,38844,0.805890,0.779841,0.832432,0.795556,3082,3264
pretrain,14,1,38908,0.803213,0.771883,0.835135,0.793333,57,58
pretrain,14,6,39228,0.803213,0.763926,0.843243,0.791111,425,370
pretrain,14,11,39548,0.803213,0.761273,0.845946,0.792222,688,657
pretrain,14,16,39868,0.803213,0.761273,0.845946,0.791111,916,907
pretrain,14,21,40188,0.799197,0.761273,0.837838,0.788889,1148,1184
pretrain,14,26,40508,0.801874,0.766578,0.837838,0.794444,1370,1445
pretrain,14,31,40828,0.797858,0.771883,0.824324,0.793333,1594,1692
pretrain,14,36,41148,0.799197,0.771883,0.827027,0.794444,1800,1942
pretrain,14,41,41468,0.800535,0.769231,0.832432,0.792222,2018,2177
pretrain,14,47,41832,0.804552,0.774536,0.835135,0.791111,2301,2514
pretrain,15,1,41896,0.803213,0.769231,0.837838,0.792222,38,44
pretrain,15,6,42216,0.803213,0.771883,0.835135,0.793333,232,225
pretrain,15,11,42536,0.804552,0.777188,0.832432,0.794444,443,429
pretrain,15,16,42856,0.800535,0.766578,0.835135,0.794444,621,639
pretrain,15,21,43176,0.804552,0.771883,0.837838,0.795556,823,850
pretrain,15,26,43496,0.809906,0.782493,0.837838,0.796667,1012,1078
pretrain,15,31,43816,0.808568,0.782493,0.835135,0.800000,1197,1300
pretrain,15,36,44136,0.805890,0.777188,0.835135,0.800000,1388,1487
pretrain,15,41,44456,0.805890,0.774536,0.837838,0.796667,1568,1659
pretrain,15,47,44820,0.809906,0.782493,0.837838,0.795556,1813,1913
pretrain,16,1,44884,0.809906,0.782493,0.837838,0.800000,32,25
pretrain,16,6,45204,0.809906,0.790451,0.829730,0.798889,237,188
pretrain,16,11,45524,0.808568,0.793103,0.824324,0.797778,413,342
pretrain,16,16,45844,0.803213,0.790451,0.816216,0.795556,616,513
pretrain,16,21,46164,0.811245,0.793103,0.829730,0.797778,766,678
pretrain,16,26,46484,0.808568,0.790451,0.827027,0.795556,910,826
pretrain,16,31,46804,0.807229,0.790451,0.824324,0.792222,1036,955
pretrain,16,36,47124,0.808568,0.795756,0.821622,0.795556,1144,1099
pretrain,16,41,47444,0.813922,0.795756,0.832432,0.793333,1277,1206
pretrain,16,47,47808,0.811245,0.793103,0.829730,0.796667,1448,1367
pretrain,17,1,47872,0.812584,0.793103,0.832432,0.797778,31,17
pretrain,17,6,48192,0.812584,0.795756,0.829730,0.794444,160,129
pretrain,17,11,48512,0.811245,0.785146,0.837838,0.798889,318,255
pretrain,17,16,48832,0.811245,0.785146,0.837838,0.796667,443,371
pretrain,17,21,49152,0.809906,0.787798,0.832432,0.794444,566,484
pretrain,17,26,49472,0.808568,0.782493,0.835135,0.797778,670,602
pretrain,17,31,49792,0.811245,0.779841,0.843243,0.795556,789,718
pretrain,17,36,50112,0.809906,0.779841,0.840541,0.794444,935,837
pretrain,17,41,50432,0.812584,0.779841,0.845946,0.795556,1050,960
pretrain,17,47,50796,0.805890,0.777188,0.835135,0.797778,1173,1067
pretrain,18,1,50860,0.808568,0.777188,0.840541,0.795556,14,15
pretrain,18,6,51180,0.809906,0.777188,0.843243,0.794444,95,105
pretrain,18,11,51500,0.808568,0.779841,0.837838,0.796667,185,193
pretrain,18,16,51820,0.808568,0.779841,0.837838,0.794444,276,290
pretrain,18,21,52140,0.807229,0.779841,0.835135,0.794444,348,388
pretrain,18,26,52460,0.809906,0.782493,0.837838,0.795556,435,483
pretrain,18,31,52780,0.816600,0.787798,0.845946,0.796667,515,553
pretrain,18,36,53100,0.805890,0.782493,0.829730,0.795556,599,622
pretrain,18,41,53420,0.812584,0.785146,0.840541,0.794444,672,703
pretrain,18,47,53784,0.805890,0.779841,0.832432,0.794444,766,798
pretrain,19,1,53848,0.811245,0.782493,0.840541,0.794444,10,11
pretrain,19,6,54168,0.811245,0.782493,0.840541,0.794444,78,57
pretrain,19,11,54488,0.812584,0.782493,0.843243,0.797778,122,115
pretrain,19,16,54808,0.811245,0.782493,0.840541,0.795556,177,183
pretrain,19,21,55128,0.809906,0.782493,0.837838,0.795556,233,251
pretrain,19,26,55448,0.809906,0.787798,0.832432,0.797778,299,342
pretrain,19,31,55768,0.807229,0.785146,0.829730,0.795556,366,410
pretrain,19,36,56088,0.809906,0.779841,0.840541,0.796667,444,498
pretrain,19,41,56408,0.805890,0.782493,0.829730,0.797778,506,556
pretrain,19,47,56772,0.809906,0.785146,0.835135,0.797778,573,621
pretrain,20,1,56836,0.808568,0.779841,0.837838,0.796667,8,22
pretrain,20,6,57156,0.812584,0.785146,0.840541,0.796667,55,70
pretrain,20,11,57476,0.809906,0.782493,0.837838,0.794444,112,131
pretrain,20,16,57796,0.807229,0.779841,0.835135,0.796667,173,184
pretrain,20,21,58116,0.808568,0.785146,0.832432,0.795556,235,238
pretrain,20,26,58436,0.807229,0.782493,0.832432,0.796667,271,296
pretrain,20,31,58756,0.813922,0.790451,0.837838,0.794444,305,343
pretrain,20,36,59076,0.812584,0.790451,0.835135,0.796667,379,418
pretrain,20,41,59396,0.808568,0.787798,0.829730,0.794444,460,482
pretrain,20,47,59760,0.812584,0.793103,0.832432,0.797778,510,535
