Phase,Epoch,BatchIdx,SamplesSeen,Val_Accuracy,Class0_Accuracy,Class1_Accuracy,Test_Accuracy,LTP_crossings,LTD_crossings
pretrain,1,1,64,0.489824,0.913978,0.057534,0.489947,0,0
pretrain,1,6,384,0.489824,0.935484,0.035616,0.493122,0,0
pretrain,1,11,704,0.506106,1.000000,0.002740,0.499471,0,10209
pretrain,1,16,1024,0.506106,1.000000,0.002740,0.499471,7,29130
pretrain,1,21,1344,0.504749,1.000000,0.000000,0.499471,1504,42491
pretrain,1,26,1664,0.504749,1.000000,0.000000,0.499471,5744,54451
pretrain,1,31,1984,0.504749,1.000000,0.000000,0.499471,8824,65191
pretrain,1,36,2304,0.504749,1.000000,0.000000,0.499471,11597,73746
pretrain,1,41,2624,0.504749,1.000000,0.000000,0.499471,13501,81251
pretrain,1,47,2953,0.504749,1.000000,0.000000,0.499471,15832,88750
pretrain,2,1,3017,0.504749,1.000000,0.000000,0.499471,423,1045
pretrain,2,6,3337,0.504749,1.000000,0.000000,0.499471,2460,5746
pretrain,2,11,3657,0.504749,1.000000,0.000000,0.499471,4300,9904
pretrain,2,16,3977,0.504749,0.997312,0.002740,0.498413,6045,14175
pretrain,2,21,4297,0.545455,0.959677,0.123288,0.525926,7960,17915
pretrain,2,26,4617,0.579376,0.911290,0.241096,0.561905,9635,21753
pretrain,2,31,4937,0.611940,0.865591,0.353425,0.602116,11262,25455
pretrain,2,36,5257,0.693351,0.784946,0.600000,0.645503,12689,29153
pretrain,2,41,5577,0.704206,0.688172,0.720548,0.682540,14526,32750
pretrain,2,47,5906,0.687924,0.534946,0.843836,0.648677,16880,38179
pretrain,3,1,5970,0.668928,0.467742,0.873973,0.634921,442,1163
pretrain,3,6,6290,0.677069,0.483871,0.873973,0.639153,2572,6607
pretrain,3,11,6610,0.751696,0.776882,0.726027,0.705820,5381,11814
pretrain,3,16,6930,0.755767,0.833333,0.676712,0.704762,8187,17200
pretrain,3,21,7250,0.786974,0.736559,0.838356,0.738624,11472,23221
pretrain,3,26,7570,0.786974,0.793011,0.780822,0.742857,14548,29596
pretrain,3,31,7890,0.777476,0.693548,0.863014,0.731217,17945,36393
pretrain,3,36,8210,0.803256,0.803763,0.802740,0.761905,21066,42623
pretrain,3,41,8530,0.800543,0.819892,0.780822,0.741799,24294,48909
pretrain,3,47,8859,0.804613,0.809140,0.800000,0.754497,27826,56125
pretrain,4,1,8923,0.810041,0.763441,0.857534,0.752381,649,1257
pretrain,4,6,9243,0.796472,0.731183,0.863014,0.751323,3500,7460
pretrain,4,11,9563,0.804613,0.836022,0.772603,0.753439,6033,12947
pretrain,4,16,9883,0.800543,0.768817,0.832877,0.762963,8421,17649
pretrain,4,21,10203,0.800543,0.766129,0.835616,0.760847,10937,22141
pretrain,4,26,10523,0.781547,0.922043,0.638356,0.711111,13449,26866
pretrain,4,31,10843,0.796472,0.836022,0.756164,0.747090,15740,31259
pretrain,4,36,11163,0.784261,0.725806,0.843836,0.732275,17878,35130
pretrain,4,41,11483,0.789688,0.725806,0.854795,0.737566,19689,38637
pretrain,4,47,11812,0.799186,0.763441,0.835616,0.761905,22197,43069
pretrain,5,1,11876,0.801900,0.776882,0.827397,0.765079,407,834
pretrain,5,6,12196,0.800543,0.806452,0.794521,0.769312,2566,4837
pretrain,5,11,12516,0.797829,0.809140,0.786301,0.764021,4485,8310
pretrain,5,16,12836,0.801900,0.782258,0.821918,0.772487,6299,11257
pretrain,5,21,13156,0.811398,0.779570,0.843836,0.770370,7909,13861
pretrain,5,26,13476,0.807327,0.793011,0.821918,0.772487,9552,16178
pretrain,5,31,13796,0.801900,0.758065,0.846575,0.764021,11372,18446
pretrain,5,36,14116,0.805970,0.763441,0.849315,0.775661,13036,20776
pretrain,5,41,14436,0.819539,0.862903,0.775342,0.760847,14695,23219
pretrain,5,47,14765,0.818182,0.846774,0.789041,0.772487,16324,25726
pretrain,6,1,14829,0.823609,0.836022,0.810959,0.770370,341,480
pretrain,6,6,15149,0.818182,0.760753,0.876712,0.769312,2001,3256
pretrain,6,11,15469,0.786974,0.672043,0.904110,0.746032,3567,5686
pretrain,6,16,15789,0.815468,0.750000,0.882192,0.767196,4872,7926
pretrain,6,21,16109,0.816825,0.849462,0.783562,0.787302,6806,10641
pretrain,6,26,16429,0.810041,0.876344,0.742466,0.769312,8196,12811
pretrain,6,31,16749,0.804613,0.854839,0.753425,0.779894,9503,14689
pretrain,6,36,17069,0.815468,0.825269,0.805479,0.790476,10937,16683
pretrain,6,41,17389,0.799186,0.741935,0.857534,0.770370,12535,18923
pretrain,6,47,17718,0.774763,0.637097,0.915068,0.742857,14476,21653
pretrain,7,1,17782,0.772049,0.634409,0.912329,0.743915,275,429
pretrain,7,6,18102,0.791045,0.701613,0.882192,0.757672,1654,2613
pretrain,7,11,18422,0.805970,0.801075,0.810959,0.776720,3390,5572
pretrain,7,16,18742,0.804613,0.895161,0.712329,0.765079,4864,8624
pretrain,7,21,19062,0.797829,0.889785,0.704110,0.761905,5824,10546
pretrain,7,26,19382,0.800543,0.862903,0.736986,0.761905,6823,12368
pretrain,7,31,19702,0.804613,0.817204,0.791781,0.761905,8270,14450
pretrain,7,36,20022,0.811398,0.774194,0.849315,0.768254,9820,16600
pretrain,7,41,20342,0.807327,0.741935,0.873973,0.768254,11239,18592
pretrain,7,47,20671,0.807327,0.717742,0.898630,0.762963,13019,20998
pretrain,8,1,20735,0.793758,0.690860,0.898630,0.757672,322,449
pretrain,8,6,21055,0.780190,0.682796,0.879452,0.755556,1601,2110
pretrain,8,11,21375,0.791045,0.709677,0.873973,0.757672,2703,3533
pretrain,8,16,21695,0.795115,0.717742,0.873973,0.769312,3790,4924
pretrain,8,21,22015,0.807327,0.744624,0.871233,0.775661,5130,6761
pretrain,8,26,22335,0.814111,0.768817,0.860274,0.779894,6480,8582
pretrain,8,31,22655,0.811398,0.790323,0.832877,0.768254,7723,10139
pretrain,8,36,22975,0.803256,0.787634,0.819178,0.768254,8528,11395
pretrain,8,41,23295,0.803256,0.782258,0.824658,0.758730,9445,12572
pretrain,8,47,23624,0.807327,0.787634,0.827397,0.766138,10486,14127
pretrain,9,1,23688,0.804613,0.779570,0.830137,0.765079,203,328
pretrain,9,6,24008,0.819539,0.811828,0.827397,0.776720,1168,1843
pretrain,9,11,24328,0.807327,0.844086,0.769863,0.776720,2255,3531
pretrain,9,16,24648,0.805970,0.849462,0.761644,0.778836,3076,4985
pretrain,9,21,24968,0.807327,0.836022,0.778082,0.775661,3846,6287
pretrain,9,26,25288,0.819539,0.793011,0.846575,0.779894,4972,7856
pretrain,9,31,25608,0.808684,0.725806,0.893151,0.760847,6057,9538
pretrain,9,36,25928,0.801900,0.704301,0.901370,0.756614,6836,10966
pretrain,9,41,26248,0.810041,0.723118,0.898630,0.764021,7501,12164
pretrain,9,47,26577,0.807327,0.733871,0.882192,0.767196,8323,13697
pretrain,10,1,26641,0.808684,0.733871,0.884932,0.772487,149,214
pretrain,10,6,26961,0.804613,0.747312,0.863014,0.779894,881,1445
pretrain,10,11,27281,0.812754,0.774194,0.852055,0.783069,1641,2702
pretrain,10,16,27601,0.803256,0.776882,0.830137,0.785185,2327,3881
pretrain,10,21,27921,0.812754,0.801075,0.824658,0.788360,2915,5045
pretrain,10,26,28241,0.810041,0.825269,0.794521,0.783069,3584,6146
pretrain,10,31,28561,0.811398,0.833333,0.789041,0.786243,4251,7157
pretrain,10,36,28881,0.811398,0.841398,0.780822,0.780952,4898,8189
pretrain,10,41,29201,0.815468,0.838710,0.791781,0.780952,5466,9261
pretrain,10,47,29530,0.805970,0.827957,0.783562,0.793651,6215,10495
pretrain,11,1,29594,0.804613,0.819892,0.789041,0.783069,137,220
pretrain,11,6,29914,0.801900,0.811828,0.791781,0.780952,786,1259
pretrain,11,11,30234,0.811398,0.819892,0.802740,0.778836,1365,2237
pretrain,11,16,30554,0.810041,0.809140,0.810959,0.778836,1972,3014
pretrain,11,21,30874,0.811398,0.806452,0.816438,0.779894,2646,3815
pretrain,11,26,31194,0.811398,0.801075,0.821918,0.778836,3317,4586
pretrain,11,31,31514,0.816825,0.798387,0.835616,0.775661,3862,5319
pretrain,11,36,31834,0.810041,0.787634,0.832877,0.773545,4372,6110
pretrain,11,41,32154,0.810041,0.793011,0.827397,0.777778,4890,6963
pretrain,11,47,32483,0.812754,0.806452,0.819178,0.779894,5562,7967
pretrain,12,1,32547,0.814111,0.809140,0.819178,0.779894,141,180
pretrain,12,6,32867,0.811398,0.811828,0.810959,0.777778,672,976
pretrain,12,11,33187,0.815468,0.819892,0.810959,0.775661,1204,1755
pretrain,12,16,33507,0.807327,0.809140,0.805479,0.777778,1817,2695
pretrain,12,21,33827,0.811398,0.811828,0.810959,0.768254,2405,3515
pretrain,12,26,34147,0.807327,0.798387,0.816438,0.768254,2871,4288
pretrain,12,31,34467,0.805970,0.798387,0.813699,0.772487,3310,4944
pretrain,12,36,34787,0.807327,0.798387,0.816438,0.774603,3775,5589
pretrain,12,41,35107,0.811398,0.817204,0.805479,0.775661,4265,6244
pretrain,12,47,35436,0.812754,0.825269,0.800000,0.780952,4805,6998
pretrain,13,1,35500,0.810041,0.825269,0.794521,0.776720,103,125
pretrain,13,6,35820,0.808684,0.838710,0.778082,0.782011,523,695
pretrain,13,11,36140,0.815468,0.852151,0.778082,0.778836,858,1205
pretrain,13,16,36460,0.812754,0.841398,0.783562,0.772487,1145,1671
pretrain,13,21,36780,0.811398,0.838710,0.783562,0.776720,1424,2171
pretrain,13,26,37100,0.814111,0.838710,0.789041,0.778836,1810,2751
pretrain,13,31,37420,0.819539,0.833333,0.805479,0.783069,2250,3375
pretrain,13,36,37740,0.822252,0.801075,0.843836,0.775661,2840,4237
pretrain,13,41,38060,0.815468,0.766129,0.865753,0.770370,3348,5016
pretrain,13,47,38389,0.805970,0.731183,0.882192,0.766138,3950,5897
pretrain,14,1,38453,0.808684,0.733871,0.884932,0.761905,101,103
pretrain,14,6,38773,0.803256,0.725806,0.882192,0.759788,460,606
pretrain,14,11,39093,0.800543,0.725806,0.876712,0.758730,743,1085
pretrain,14,16,39413,0.800543,0.733871,0.868493,0.754497,1073,1583
pretrain,14,21,39733,0.812754,0.758065,0.868493,0.755556,1439,2175
pretrain,14,26,40053,0.824966,0.793011,0.857534,0.761905,1930,2944
pretrain,14,31,40373,0.820896,0.814516,0.827397,0.764021,2411,3671
pretrain,14,36,40693,0.812754,0.833333,0.791781,0.769312,2885,4340
pretrain,14,41,41013,0.808684,0.838710,0.778082,0.768254,3236,4863
pretrain,14,47,41342,0.811398,0.833333,0.789041,0.774603,3559,5334
pretrain,15,1,41406,0.808684,0.836022,0.780822,0.772487,54,52
pretrain,15,6,41726,0.811398,0.836022,0.786301,0.778836,251,329
pretrain,15,11,42046,0.814111,0.836022,0.791781,0.776720,441,634
pretrain,15,16,42366,0.815468,0.833333,0.797260,0.783069,705,953
pretrain,15,21,42686,0.815468,0.827957,0.802740,0.778836,972,1274
pretrain,15,26,43006,0.818182,0.830645,0.805479,0.774603,1250,1579
pretrain,15,31,43326,0.818182,0.822581,0.813699,0.778836,1567,1896
pretrain,15,36,43646,0.812754,0.819892,0.805479,0.782011,1942,2269
pretrain,15,41,43966,0.811398,0.811828,0.810959,0.773545,2218,2575
pretrain,15,47,44295,0.818182,0.814516,0.821918,0.774603,2508,2988
pretrain,16,1,44359,0.818182,0.811828,0.824658,0.773545,27,49
pretrain,16,6,44679,0.816825,0.817204,0.816438,0.774603,188,315
pretrain,16,11,44999,0.820896,0.814516,0.827397,0.774603,346,539
pretrain,16,16,45319,0.826323,0.817204,0.835616,0.774603,520,776
pretrain,16,21,45639,0.824966,0.817204,0.832877,0.772487,680,1006
pretrain,16,26,45959,0.822252,0.819892,0.824658,0.773545,862,1235
pretrain,16,31,46279,0.820896,0.814516,0.827397,0.772487,1041,1457
pretrain,16,36,46599,0.822252,0.817204,0.827397,0.774603,1212,1702
pretrain,16,41,46919,0.816825,0.803763,0.830137,0.777778,1348,1977
pretrain,16,47,47248,0.818182,0.809140,0.827397,0.774603,1556,2269
pretrain,17,1,47312,0.823609,0.809140,0.838356,0.772487,45,51
pretrain,17,6,47632,0.820896,0.809140,0.832877,0.777778,194,260
pretrain,17,11,47952,0.822252,0.811828,0.832877,0.775661,319,458
pretrain,17,16,48272,0.819539,0.806452,0.832877,0.776720,450,666
pretrain,17,21,48592,0.818182,0.806452,0.830137,0.777778,578,848
pretrain,17,26,48912,0.820896,0.814516,0.827397,0.777778,674,1062
pretrain,17,31,49232,0.819539,0.809140,0.830137,0.777778,787,1278
pretrain,17,36,49552,0.820896,0.809140,0.832877,0.777778,910,1477
pretrain,17,41,49872,0.819539,0.811828,0.827397,0.777778,1011,1668
pretrain,17,47,50201,0.820896,0.814516,0.827397,0.780952,1134,1870
pretrain,18,1,50265,0.812754,0.801075,0.824658,0.780952,29,30
pretrain,18,6,50585,0.823609,0.817204,0.830137,0.778836,158,240
pretrain,18,11,50905,0.818182,0.811828,0.824658,0.780952,290,426
pretrain,18,16,51225,0.812754,0.803763,0.821918,0.776720,400,589
pretrain,18,21,51545,0.814111,0.806452,0.821918,0.778836,498,734
pretrain,18,26,51865,0.818182,0.809140,0.827397,0.779894,592,872
pretrain,18,31,52185,0.816825,0.803763,0.830137,0.779894,674,1000
pretrain,18,36,52505,0.820896,0.811828,0.830137,0.776720,770,1174
pretrain,18,41,52825,0.818182,0.806452,0.830137,0.777778,859,1308
pretrain,18,47,53154,0.816825,0.811828,0.821918,0.774603,986,1488
pretrain,19,1,53218,0.818182,0.811828,0.824658,0.775661,20,27
pretrain,19,6,53538,0.819539,0.811828,0.827397,0.774603,110,186
pretrain,19,11,53858,0.815468,0.809140,0.821918,0.776720,204,357
pretrain,19,16,54178,0.816825,0.811828,0.821918,0.775661,300,479
pretrain,19,21,54498,0.818182,0.811828,0.824658,0.779894,386,607
pretrain,19,26,54818,0.820896,0.817204,0.824658,0.776720,451,702
pretrain,19,31,55138,0.819539,0.809140,0.830137,0.772487,520,807
pretrain,19,36,55458,0.819539,0.817204,0.821918,0.773545,589,922
pretrain,19,41,55778,0.819539,0.811828,0.827397,0.772487,685,1033
pretrain,19,47,56107,0.824966,0.819892,0.830137,0.777778,782,1166
pretrain,20,1,56171,0.827680,0.825269,0.830137,0.777778,11,13
pretrain,20,6,56491,0.823609,0.817204,0.830137,0.774603,97,98
pretrain,20,11,56811,0.820896,0.814516,0.827397,0.775661,158,188
pretrain,20,16,57131,0.819539,0.811828,0.827397,0.775661,246,285
pretrain,20,21,57451,0.820896,0.814516,0.827397,0.778836,318,372
pretrain,20,26,57771,0.819539,0.819892,0.819178,0.772487,379,460
pretrain,20,31,58091,0.819539,0.817204,0.821918,0.770370,457,557
pretrain,20,36,58411,0.819539,0.814516,0.824658,0.768254,543,649
pretrain,20,41,58731,0.819539,0.817204,0.821918,0.770370,595,738
pretrain,20,47,59060,0.815468,0.817204,0.813699,0.774603,677,835
