Phase,Epoch,BatchIdx,SamplesSeen,Val_Accuracy,Class0_Accuracy,Class1_Accuracy,Test_Accuracy,LTP_crossings,LTD_crossings
pretrain,1,1,64,0.504685,0.997347,0.002703,0.504444,0,0
pretrain,1,6,384,0.504685,0.997347,0.002703,0.504444,0,0
pretrain,1,11,704,0.504685,0.997347,0.002703,0.504444,0,0
pretrain,1,16,1024,0.504685,0.997347,0.002703,0.504444,5,6
pretrain,1,21,1344,0.510040,0.992042,0.018919,0.506667,762,1768
pretrain,1,26,1664,0.512718,0.978780,0.037838,0.508889,2860,3676
pretrain,1,31,1984,0.551539,0.923077,0.172973,0.567778,5835,6708
pretrain,1,36,2304,0.594378,0.854111,0.329730,0.603333,9318,10746
pretrain,1,41,2624,0.615797,0.824934,0.402703,0.615556,12947,13928
pretrain,1,47,2988,0.637216,0.769231,0.502703,0.626667,17319,17544
pretrain,2,1,3052,0.631861,0.742706,0.518919,0.630000,556,550
pretrain,2,6,3372,0.629183,0.705570,0.551351,0.624444,3791,3084
pretrain,2,11,3692,0.646586,0.671088,0.621622,0.633333,7077,5677
pretrain,2,16,4012,0.650602,0.649867,0.651351,0.634444,10629,8081
pretrain,2,21,4332,0.657296,0.647215,0.667568,0.635556,14475,10561
pretrain,2,26,4652,0.665328,0.625995,0.705405,0.641111,19011,13100
pretrain,2,31,4972,0.662651,0.604775,0.721622,0.644444,22976,15319
pretrain,2,36,5292,0.665328,0.596817,0.735135,0.645556,27445,17756
pretrain,2,41,5612,0.645248,0.509284,0.783784,0.630000,31488,20138
pretrain,2,47,5976,0.650602,0.527851,0.775676,0.637778,36282,23153
pretrain,3,1,6040,0.659973,0.549072,0.772973,0.637778,818,517
pretrain,3,6,6360,0.649264,0.485411,0.816216,0.643333,5277,2893
pretrain,3,11,6680,0.654618,0.488064,0.824324,0.651111,10316,5317
pretrain,3,16,7000,0.649264,0.466844,0.835135,0.648889,15659,7420
pretrain,3,21,7320,0.658635,0.485411,0.835135,0.657778,21160,9875
pretrain,3,26,7640,0.662651,0.533156,0.794595,0.664444,27959,12658
pretrain,3,31,7960,0.661312,0.490716,0.835135,0.670000,34806,15604
pretrain,3,36,8280,0.653280,0.461538,0.848649,0.648889,42424,18674
pretrain,3,41,8600,0.651941,0.419098,0.889189,0.646667,50830,22257
pretrain,3,47,8964,0.696118,0.607427,0.786486,0.688889,62184,27449
pretrain,4,1,9028,0.706827,0.649867,0.764865,0.691111,2150,926
pretrain,4,6,9348,0.710843,0.771883,0.648649,0.714444,11514,5493
pretrain,4,11,9668,0.717537,0.801061,0.632432,0.710000,20431,9984
pretrain,4,16,9988,0.725569,0.859416,0.589189,0.703333,30605,14749
pretrain,4,21,10308,0.741633,0.777188,0.705405,0.724444,41330,19942
pretrain,4,26,10628,0.710843,0.519894,0.905405,0.717778,53067,25534
pretrain,4,31,10948,0.696118,0.472149,0.924324,0.698889,63821,31206
pretrain,4,36,11268,0.724230,0.885942,0.559459,0.736667,76567,38274
pretrain,4,41,11588,0.694779,0.946950,0.437838,0.687778,87196,44282
pretrain,4,47,11952,0.732262,0.901857,0.559459,0.722222,99516,50949
pretrain,5,1,12016,0.729585,0.877984,0.578378,0.727778,2284,1153
pretrain,5,6,12336,0.760375,0.668435,0.854054,0.738889,15240,7222
pretrain,5,11,12656,0.708166,0.511936,0.908108,0.703333,26069,12731
pretrain,5,16,12976,0.745649,0.620690,0.872973,0.742222,36042,17934
pretrain,5,21,13296,0.771084,0.819629,0.721622,0.738889,47467,24214
pretrain,5,26,13616,0.716198,0.904509,0.524324,0.711111,56607,30004
pretrain,5,31,13936,0.728246,0.891247,0.562162,0.715556,63963,34523
pretrain,5,36,14256,0.767068,0.824934,0.708108,0.731111,72103,39104
pretrain,5,41,14576,0.771084,0.732095,0.810811,0.766667,82666,45092
pretrain,5,47,14940,0.769746,0.716180,0.824324,0.762222,94403,52247
pretrain,6,1,15004,0.775100,0.734748,0.816216,0.758889,1765,1083
pretrain,6,6,15324,0.772423,0.806366,0.737838,0.757778,11392,6786
pretrain,6,11,15644,0.764391,0.851459,0.675676,0.761111,20901,12536
pretrain,6,16,15964,0.768407,0.867374,0.667568,0.752222,29951,17897
pretrain,6,21,16284,0.771084,0.838196,0.702703,0.745556,38971,23282
pretrain,6,26,16604,0.779116,0.771883,0.786486,0.745556,47576,28559
pretrain,6,31,16924,0.780455,0.766578,0.794595,0.742222,55773,33356
pretrain,6,36,17244,0.779116,0.779841,0.778378,0.746667,64215,38025
pretrain,6,41,17564,0.784471,0.785146,0.783784,0.748889,72217,42737
pretrain,6,47,17928,0.783133,0.779841,0.786486,0.744444,82333,48176
pretrain,7,1,17992,0.783133,0.787798,0.778378,0.743333,1590,824
pretrain,7,6,18312,0.785810,0.809019,0.762162,0.745556,9524,4985
pretrain,7,11,18632,0.783133,0.771883,0.794595,0.745556,17187,9020
pretrain,7,16,18952,0.779116,0.771883,0.786486,0.756667,24558,12913
pretrain,7,21,19272,0.776439,0.782493,0.770270,0.750000,32065,16615
pretrain,7,26,19592,0.789826,0.840849,0.737838,0.747778,39489,20131
pretrain,7,31,19912,0.781794,0.867374,0.694595,0.738889,47144,23843
pretrain,7,36,20232,0.789826,0.877984,0.700000,0.746667,54284,27277
pretrain,7,41,20552,0.793842,0.854111,0.732432,0.750000,61542,30924
pretrain,7,47,20916,0.789826,0.798408,0.781081,0.761111,71008,35354
pretrain,8,1,20980,0.796519,0.801061,0.791892,0.757778,1401,697
pretrain,8,6,21300,0.792503,0.787798,0.797297,0.757778,8397,4066
pretrain,8,11,21620,0.792503,0.793103,0.791892,0.751111,14980,7178
pretrain,8,16,21940,0.789826,0.798408,0.781081,0.756667,21849,10488
pretrain,8,21,22260,0.791165,0.814324,0.767568,0.754444,28353,13686
pretrain,8,26,22580,0.796519,0.827586,0.764865,0.756667,35367,16743
pretrain,8,31,22900,0.799197,0.870027,0.727027,0.755556,43058,20109
pretrain,8,36,23220,0.781794,0.870027,0.691892,0.750000,50189,23313
pretrain,8,41,23540,0.789826,0.862069,0.716216,0.758889,57435,26401
pretrain,8,47,23904,0.799197,0.806366,0.791892,0.753333,66867,30222
pretrain,9,1,23968,0.805890,0.814324,0.797297,0.755556,1440,597
pretrain,9,6,24288,0.799197,0.827586,0.770270,0.758889,9303,3552
pretrain,9,11,24608,0.797858,0.838196,0.756757,0.744444,17825,6656
pretrain,9,16,24928,0.780455,0.854111,0.705405,0.742222,26707,9967
pretrain,9,21,25248,0.783133,0.864721,0.700000,0.738889,34485,12992
pretrain,9,26,25568,0.789826,0.862069,0.716216,0.747778,41823,15847
pretrain,9,31,25888,0.784471,0.864721,0.702703,0.744444,49189,18704
pretrain,9,36,26208,0.784471,0.843501,0.724324,0.744444,56719,21662
pretrain,9,41,26528,0.795181,0.848806,0.740541,0.741111,63909,24417
pretrain,9,47,26892,0.795181,0.854111,0.735135,0.741111,72078,27611
pretrain,10,1,26956,0.792503,0.856764,0.727027,0.750000,1237,493
pretrain,10,6,27276,0.795181,0.859416,0.729730,0.751111,7051,2960
pretrain,10,11,27596,0.789826,0.851459,0.727027,0.748889,12515,5245
pretrain,10,16,27916,0.785810,0.835544,0.735135,0.750000,17630,7415
pretrain,10,21,28236,0.799197,0.843501,0.754054,0.746667,23115,9562
pretrain,10,26,28556,0.804552,0.843501,0.764865,0.748889,28951,11893
pretrain,10,31,28876,0.799197,0.854111,0.743243,0.744444,35377,14388
pretrain,10,36,29196,0.793842,0.846154,0.740541,0.747778,41902,16879
pretrain,10,41,29516,0.803213,0.867374,0.737838,0.747778,47888,19200
pretrain,10,47,29880,0.793842,0.843501,0.743243,0.754444,54881,21747
pretrain,11,1,29944,0.785810,0.835544,0.735135,0.755556,906,388
pretrain,11,6,30264,0.785810,0.846154,0.724324,0.747778,5903,2179
pretrain,11,11,30584,0.779116,0.854111,0.702703,0.742222,11661,4136
pretrain,11,16,30904,0.779116,0.877984,0.678378,0.738889,17220,6220
pretrain,11,21,31224,0.777778,0.875332,0.678378,0.742222,22772,8342
pretrain,11,26,31544,0.777778,0.880637,0.672973,0.741111,27868,10247
pretrain,11,31,31864,0.776439,0.880637,0.670270,0.737778,33309,12225
pretrain,11,36,32184,0.780455,0.867374,0.691892,0.742222,39137,14234
pretrain,11,41,32504,0.785810,0.872679,0.697297,0.740000,44852,16342
pretrain,11,47,32868,0.784471,0.848806,0.718919,0.740000,51321,18648
pretrain,12,1,32932,0.779116,0.843501,0.713514,0.740000,971,348
pretrain,12,6,33252,0.791165,0.870027,0.710811,0.741111,5948,2167
pretrain,12,11,33572,0.785810,0.846154,0.724324,0.750000,11533,3976
pretrain,12,16,33892,0.784471,0.867374,0.700000,0.742222,16230,5669
pretrain,12,21,34212,0.773762,0.864721,0.681081,0.737778,20498,7263
pretrain,12,26,34532,0.788487,0.856764,0.718919,0.740000,24987,8883
pretrain,12,31,34852,0.793842,0.851459,0.735135,0.753333,29375,10531
pretrain,12,36,35172,0.785810,0.851459,0.718919,0.740000,33423,12058
pretrain,12,41,35492,0.787149,0.856764,0.716216,0.743333,37655,13666
pretrain,12,47,35856,0.787149,0.864721,0.708108,0.737778,42835,15527
pretrain,13,1,35920,0.781794,0.864721,0.697297,0.737778,789,250
pretrain,13,6,36240,0.777778,0.864721,0.689189,0.738889,5003,1686
pretrain,13,11,36560,0.779116,0.859416,0.697297,0.746667,9230,3083
pretrain,13,16,36880,0.784471,0.872679,0.694595,0.747778,13275,4371
pretrain,13,21,37200,0.784471,0.872679,0.694595,0.750000,16918,5630
pretrain,13,26,37520,0.777778,0.870027,0.683784,0.742222,20626,6900
pretrain,13,31,37840,0.779116,0.867374,0.689189,0.742222,24118,8138
pretrain,13,36,38160,0.780455,0.870027,0.689189,0.735556,27405,9297
pretrain,13,41,38480,0.784471,0.875332,0.691892,0.738889,30570,10363
pretrain,13,47,38844,0.788487,0.872679,0.702703,0.740000,34713,11747
pretrain,14,1,38908,0.787149,0.870027,0.702703,0.738889,608,207
pretrain,14,6,39228,0.789826,0.867374,0.710811,0.741111,3739,1269
pretrain,14,11,39548,0.779116,0.854111,0.702703,0.737778,6849,2364
pretrain,14,16,39868,0.784471,0.851459,0.716216,0.735556,9643,3338
pretrain,14,21,40188,0.781794,0.856764,0.705405,0.738889,12199,4262
pretrain,14,26,40508,0.776439,0.846154,0.705405,0.737778,14626,5132
pretrain,14,31,40828,0.776439,0.854111,0.697297,0.743333,17147,6002
pretrain,14,36,41148,0.791165,0.854111,0.727027,0.740000,19858,6943
pretrain,14,41,41468,0.787149,0.854111,0.718919,0.737778,22559,7852
pretrain,14,47,41832,0.780455,0.832891,0.727027,0.750000,25874,8911
pretrain,15,1,41896,0.785810,0.827586,0.743243,0.745556,485,149
pretrain,15,6,42216,0.784471,0.822281,0.745946,0.742222,3012,1006
pretrain,15,11,42536,0.784471,0.816976,0.751351,0.756667,5419,1809
pretrain,15,16,42856,0.788487,0.816976,0.759459,0.745556,7666,2559
pretrain,15,21,43176,0.788487,0.819629,0.756757,0.745556,9922,3337
pretrain,15,26,43496,0.779116,0.811671,0.745946,0.746667,12095,4117
pretrain,15,31,43816,0.781794,0.827586,0.735135,0.747778,14452,4940
pretrain,15,36,44136,0.787149,0.838196,0.735135,0.746667,16524,5679
pretrain,15,41,44456,0.787149,0.843501,0.729730,0.745556,18685,6442
pretrain,15,47,44820,0.785810,0.846154,0.724324,0.746667,21162,7256
pretrain,16,1,44884,0.783133,0.843501,0.721622,0.743333,335,119
pretrain,16,6,45204,0.787149,0.838196,0.735135,0.745556,2084,677
pretrain,16,11,45524,0.776439,0.840849,0.710811,0.754444,3762,1222
pretrain,16,16,45844,0.780455,0.840849,0.718919,0.742222,5485,1776
pretrain,16,21,46164,0.781794,0.830239,0.732432,0.741111,7233,2387
pretrain,16,26,46484,0.789826,0.870027,0.708108,0.733333,9044,2990
pretrain,16,31,46804,0.783133,0.862069,0.702703,0.736667,10616,3543
pretrain,16,36,47124,0.780455,0.870027,0.689189,0.741111,12249,4055
pretrain,16,41,47444,0.777778,0.870027,0.683784,0.737778,14113,4678
pretrain,16,47,47808,0.780455,0.870027,0.689189,0.740000,16535,5457
pretrain,17,1,47872,0.779116,0.872679,0.683784,0.736667,337,95
pretrain,17,6,48192,0.781794,0.867374,0.694595,0.732222,1941,615
pretrain,17,11,48512,0.777778,0.862069,0.691892,0.738889,3644,1139
pretrain,17,16,48832,0.777778,0.875332,0.678378,0.735556,5271,1673
pretrain,17,21,49152,0.776439,0.872679,0.678378,0.738889,6885,2179
pretrain,17,26,49472,0.780455,0.875332,0.683784,0.737778,8286,2649
pretrain,17,31,49792,0.783133,0.875332,0.689189,0.732222,9497,3084
pretrain,17,36,50112,0.776439,0.872679,0.678378,0.737778,10694,3548
pretrain,17,41,50432,0.777778,0.872679,0.681081,0.740000,12005,3998
pretrain,17,47,50796,0.772423,0.872679,0.670270,0.732222,13558,4518
pretrain,18,1,50860,0.765730,0.867374,0.662162,0.735556,196,71
pretrain,18,6,51180,0.763052,0.867374,0.656757,0.738889,1179,384
pretrain,18,11,51500,0.768407,0.867374,0.667568,0.738889,2352,759
pretrain,18,16,51820,0.763052,0.864721,0.659459,0.738889,3376,1121
pretrain,18,21,52140,0.767068,0.867374,0.664865,0.727778,4456,1477
pretrain,18,26,52460,0.771084,0.872679,0.667568,0.724444,5544,1886
pretrain,18,31,52780,0.761714,0.880637,0.640541,0.728889,6656,2271
pretrain,18,36,53100,0.759036,0.883289,0.632432,0.730000,7803,2622
pretrain,18,41,53420,0.764391,0.877984,0.648649,0.723333,8857,2955
pretrain,18,47,53784,0.763052,0.883289,0.640541,0.724444,10248,3338
pretrain,19,1,53848,0.763052,0.891247,0.632432,0.725556,203,73
pretrain,19,6,54168,0.765730,0.883289,0.645946,0.718889,1169,346
pretrain,19,11,54488,0.759036,0.877984,0.637838,0.725556,2054,627
pretrain,19,16,54808,0.761714,0.883289,0.637838,0.720000,2978,932
pretrain,19,21,55128,0.769746,0.891247,0.645946,0.721111,3883,1195
pretrain,19,26,55448,0.765730,0.888594,0.640541,0.731111,4703,1463
pretrain,19,31,55768,0.769746,0.888594,0.648649,0.724444,5519,1714
pretrain,19,36,56088,0.768407,0.883289,0.651351,0.726667,6265,1967
pretrain,19,41,56408,0.764391,0.880637,0.645946,0.721111,7128,2227
pretrain,19,47,56772,0.763052,0.877984,0.645946,0.727778,8100,2590
pretrain,20,1,56836,0.761714,0.877984,0.643243,0.728889,134,44
pretrain,20,6,57156,0.763052,0.880637,0.643243,0.720000,899,262
pretrain,20,11,57476,0.760375,0.880637,0.637838,0.722222,1605,513
pretrain,20,16,57796,0.763052,0.877984,0.645946,0.726667,2330,749
pretrain,20,21,58116,0.760375,0.877984,0.640541,0.730000,3175,973
pretrain,20,26,58436,0.765730,0.883289,0.645946,0.725556,3903,1233
pretrain,20,31,58756,0.768407,0.883289,0.651351,0.717778,4653,1498
pretrain,20,36,59076,0.764391,0.880637,0.645946,0.723333,5430,1747
pretrain,20,41,59396,0.767068,0.883289,0.648649,0.723333,6186,2002
pretrain,20,47,59760,0.763052,0.880637,0.643243,0.721111,6987,2262
