Phase,Epoch,BatchIdx,SamplesSeen,Val_Accuracy,Class0_Accuracy,Class1_Accuracy,Test_Accuracy,LTP_crossings,LTD_crossings
pretrain,1,1,64,0.480326,0.903226,0.049315,0.485714,0,0
pretrain,1,6,384,0.489824,0.932796,0.038356,0.489947,0,0
pretrain,1,11,704,0.481682,0.922043,0.032877,0.493122,0,0
pretrain,1,16,1024,0.495251,0.954301,0.027397,0.491005,0,24
pretrain,1,21,1344,0.504749,1.000000,0.000000,0.499471,1903,5292
pretrain,1,26,1664,0.504749,1.000000,0.000000,0.499471,5977,11595
pretrain,1,31,1984,0.504749,1.000000,0.000000,0.499471,9159,15459
pretrain,1,36,2304,0.506106,1.000000,0.002740,0.499471,11889,17896
pretrain,1,41,2624,0.514247,1.000000,0.019178,0.501587,14911,19892
pretrain,1,47,2953,0.518318,1.000000,0.027397,0.504762,18125,22183
pretrain,2,1,3017,0.523745,0.997312,0.041096,0.504762,465,385
pretrain,2,6,3337,0.545455,0.975806,0.106849,0.517460,2606,2600
pretrain,2,11,3657,0.549525,0.973118,0.117808,0.518519,4746,4919
pretrain,2,16,3977,0.530529,1.000000,0.052055,0.514286,7694,7035
pretrain,2,21,4297,0.557666,0.983871,0.123288,0.523810,10195,9049
pretrain,2,26,4617,0.553596,0.983871,0.115068,0.525926,12451,10987
pretrain,2,31,4937,0.557666,0.973118,0.134247,0.529101,14438,12753
pretrain,2,36,5257,0.578019,0.932796,0.216438,0.565079,16463,14484
pretrain,2,41,5577,0.583446,0.905914,0.254795,0.577778,18215,16251
pretrain,2,47,5906,0.601085,0.892473,0.304110,0.582011,20676,18755
pretrain,3,1,5970,0.611940,0.865591,0.353425,0.604233,734,641
pretrain,3,6,6290,0.660787,0.811828,0.506849,0.626455,3352,3158
pretrain,3,11,6610,0.687924,0.768817,0.605479,0.647619,5467,5328
pretrain,3,16,6930,0.696065,0.723118,0.668493,0.663492,7555,7381
pretrain,3,21,7250,0.710991,0.706989,0.715068,0.675132,9742,9484
pretrain,3,26,7570,0.717775,0.795699,0.638356,0.663492,12188,12338
pretrain,3,31,7890,0.681140,0.860215,0.498630,0.644444,15086,15935
pretrain,3,36,8210,0.723202,0.844086,0.600000,0.659259,18067,19513
pretrain,3,41,8530,0.759837,0.782258,0.736986,0.715344,21041,23026
pretrain,3,47,8859,0.766621,0.682796,0.852055,0.715344,25183,27350
pretrain,4,1,8923,0.761194,0.655914,0.868493,0.712169,710,746
pretrain,4,6,9243,0.796472,0.801075,0.791781,0.735450,3965,4887
pretrain,4,11,9563,0.800543,0.779570,0.821918,0.723810,7291,9265
pretrain,4,16,9883,0.777476,0.650538,0.906849,0.717460,10694,13384
pretrain,4,21,10203,0.799186,0.836022,0.761644,0.752381,14489,18091
pretrain,4,26,10523,0.762551,0.908602,0.613699,0.702646,18131,23082
pretrain,4,31,10843,0.788331,0.752688,0.824658,0.743915,21966,27938
pretrain,4,36,11163,0.785617,0.819892,0.750685,0.733333,25438,32517
pretrain,4,41,11483,0.780190,0.706989,0.854795,0.712169,28578,36608
pretrain,4,47,11812,0.792402,0.733871,0.852055,0.733333,33011,41271
pretrain,5,1,11876,0.795115,0.771505,0.819178,0.750265,1063,1045
pretrain,5,6,12196,0.762551,0.938172,0.583562,0.696296,6395,6464
pretrain,5,11,12516,0.801900,0.838710,0.764384,0.762963,11032,11519
pretrain,5,16,12836,0.770692,0.642473,0.901370,0.725926,15354,16340
pretrain,5,21,13156,0.767978,0.626344,0.912329,0.721693,17759,19291
pretrain,5,26,13476,0.800543,0.736559,0.865753,0.761905,20440,22344
pretrain,5,31,13796,0.801900,0.836022,0.767123,0.764021,23298,25594
pretrain,5,36,14116,0.804613,0.857527,0.750685,0.757672,25166,28115
pretrain,5,41,14436,0.808684,0.857527,0.758904,0.764021,27086,30537
pretrain,5,47,14765,0.805970,0.768817,0.843836,0.761905,30084,33632
pretrain,6,1,14829,0.803256,0.747312,0.860274,0.766138,554,520
pretrain,6,6,15149,0.796472,0.709677,0.884932,0.746032,2954,2920
pretrain,6,11,15469,0.800543,0.739247,0.863014,0.753439,4772,4973
pretrain,6,16,15789,0.810041,0.827957,0.791781,0.762963,6963,7158
pretrain,6,21,16109,0.797829,0.908602,0.684932,0.742857,9287,9429
pretrain,6,26,16429,0.801900,0.889785,0.712329,0.753439,10762,11202
pretrain,6,31,16749,0.811398,0.822581,0.800000,0.773545,12829,13133
pretrain,6,36,17069,0.807327,0.755376,0.860274,0.767196,15117,15236
pretrain,6,41,17389,0.789688,0.704301,0.876712,0.755556,16901,17087
pretrain,6,47,17718,0.792402,0.723118,0.863014,0.762963,18864,19070
pretrain,7,1,17782,0.796472,0.731183,0.863014,0.760847,408,332
pretrain,7,6,18102,0.810041,0.779570,0.841096,0.777778,2580,2259
pretrain,7,11,18422,0.818182,0.870968,0.764384,0.771429,4997,4314
pretrain,7,16,18742,0.808684,0.876344,0.739726,0.770370,6424,5964
pretrain,7,21,19062,0.812754,0.865591,0.758904,0.775661,7594,7453
pretrain,7,26,19382,0.811398,0.825269,0.797260,0.773545,8942,9200
pretrain,7,31,19702,0.807327,0.787634,0.827397,0.777778,10395,10905
pretrain,7,36,20022,0.807327,0.771505,0.843836,0.770370,11769,12401
pretrain,7,41,20342,0.808684,0.760753,0.857534,0.767196,13194,13708
pretrain,7,47,20671,0.807327,0.739247,0.876712,0.767196,15169,15506
pretrain,8,1,20735,0.804613,0.731183,0.879452,0.766138,407,338
pretrain,8,6,21055,0.796472,0.709677,0.884932,0.768254,2306,2092
pretrain,8,11,21375,0.800543,0.736559,0.865753,0.783069,4013,3687
pretrain,8,16,21695,0.804613,0.750000,0.860274,0.784127,5351,4922
pretrain,8,21,22015,0.814111,0.787634,0.841096,0.788360,6737,6200
pretrain,8,26,22335,0.814111,0.806452,0.821918,0.782011,7972,7505
pretrain,8,31,22655,0.812754,0.803763,0.821918,0.778836,9034,8729
pretrain,8,36,22975,0.823609,0.798387,0.849315,0.784127,10264,9831
pretrain,8,41,23295,0.812754,0.776882,0.849315,0.779894,11861,11100
pretrain,8,47,23624,0.811398,0.784946,0.838356,0.774603,13640,12531
pretrain,9,1,23688,0.814111,0.793011,0.835616,0.777778,282,241
pretrain,9,6,24008,0.808684,0.806452,0.810959,0.779894,1522,1355
pretrain,9,11,24328,0.814111,0.841398,0.786301,0.778836,2742,2528
pretrain,9,16,24648,0.812754,0.846774,0.778082,0.782011,3906,3612
pretrain,9,21,24968,0.816825,0.827957,0.805479,0.785185,5167,4706
pretrain,9,26,25288,0.816825,0.795699,0.838356,0.772487,6555,5877
pretrain,9,31,25608,0.811398,0.766129,0.857534,0.770370,7808,6882
pretrain,9,36,25928,0.811398,0.758065,0.865753,0.766138,8716,7699
pretrain,9,41,26248,0.811398,0.758065,0.865753,0.769312,9548,8506
pretrain,9,47,26577,0.814111,0.763441,0.865753,0.766138,10645,9505
pretrain,10,1,26641,0.818182,0.771505,0.865753,0.769312,209,183
pretrain,10,6,26961,0.811398,0.771505,0.852055,0.771429,1188,1078
pretrain,10,11,27281,0.816825,0.776882,0.857534,0.776720,2089,1989
pretrain,10,16,27601,0.816825,0.782258,0.852055,0.772487,3047,2874
pretrain,10,21,27921,0.819539,0.793011,0.846575,0.773545,3922,3777
pretrain,10,26,28241,0.811398,0.801075,0.821918,0.778836,4818,4659
pretrain,10,31,28561,0.799186,0.822581,0.775342,0.785185,5759,5672
pretrain,10,36,28881,0.793758,0.830645,0.756164,0.782011,6614,6627
pretrain,10,41,29201,0.793758,0.836022,0.750685,0.779894,7341,7489
pretrain,10,47,29530,0.795115,0.830645,0.758904,0.769312,8327,8489
pretrain,11,1,29594,0.796472,0.830645,0.761644,0.768254,171,166
pretrain,11,6,29914,0.808684,0.830645,0.786301,0.766138,1012,1028
pretrain,11,11,30234,0.807327,0.793011,0.821918,0.758730,1929,1925
pretrain,11,16,30554,0.812754,0.795699,0.830137,0.760847,2767,2731
pretrain,11,21,30874,0.805970,0.771505,0.841096,0.762963,3625,3622
pretrain,11,26,31194,0.815468,0.771505,0.860274,0.766138,4387,4399
pretrain,11,31,31514,0.815468,0.768817,0.863014,0.770370,4974,5082
pretrain,11,36,31834,0.816825,0.771505,0.863014,0.774603,5493,5694
pretrain,11,41,32154,0.815468,0.774194,0.857534,0.776720,6156,6338
pretrain,11,47,32483,0.815468,0.787634,0.843836,0.782011,7096,7158
pretrain,12,1,32547,0.816825,0.790323,0.843836,0.784127,154,122
pretrain,12,6,32867,0.815468,0.801075,0.830137,0.778836,810,729
pretrain,12,11,33187,0.814111,0.806452,0.821918,0.782011,1486,1274
pretrain,12,16,33507,0.808684,0.801075,0.816438,0.783069,2097,1833
pretrain,12,21,33827,0.815468,0.811828,0.819178,0.779894,2671,2335
pretrain,12,26,34147,0.815468,0.809140,0.821918,0.780952,3251,2849
pretrain,12,31,34467,0.810041,0.798387,0.821918,0.776720,3790,3318
pretrain,12,36,34787,0.808684,0.793011,0.824658,0.777778,4314,3775
pretrain,12,41,35107,0.810041,0.798387,0.821918,0.779894,4789,4179
pretrain,12,47,35436,0.808684,0.798387,0.819178,0.776720,5341,4672
pretrain,13,1,35500,0.810041,0.798387,0.821918,0.778836,78,81
pretrain,13,6,35820,0.810041,0.803763,0.816438,0.776720,490,469
pretrain,13,11,36140,0.810041,0.814516,0.805479,0.773545,938,888
pretrain,13,16,36460,0.811398,0.814516,0.808219,0.782011,1376,1300
pretrain,13,21,36780,0.810041,0.811828,0.808219,0.774603,1858,1711
pretrain,13,26,37100,0.812754,0.806452,0.819178,0.782011,2368,2171
pretrain,13,31,37420,0.815468,0.803763,0.827397,0.778836,2907,2549
pretrain,13,36,37740,0.815468,0.793011,0.838356,0.782011,3514,2976
pretrain,13,41,38060,0.818182,0.784946,0.852055,0.774603,3956,3426
pretrain,13,47,38389,0.811398,0.768817,0.854795,0.771429,4604,4032
pretrain,14,1,38453,0.818182,0.768817,0.868493,0.772487,122,97
pretrain,14,6,38773,0.819539,0.758065,0.882192,0.756614,801,694
pretrain,14,11,39093,0.816825,0.752688,0.882192,0.757672,1344,1067
pretrain,14,16,39413,0.814111,0.758065,0.871233,0.748148,1793,1465
pretrain,14,21,39733,0.816825,0.760753,0.873973,0.753439,2226,1870
pretrain,14,26,40053,0.812754,0.768817,0.857534,0.759788,2773,2271
pretrain,14,31,40373,0.811398,0.782258,0.841096,0.762963,3389,2681
pretrain,14,36,40693,0.805970,0.787634,0.824658,0.765079,3940,3110
pretrain,14,41,41013,0.812754,0.806452,0.819178,0.775661,4470,3473
pretrain,14,47,41342,0.808684,0.811828,0.805479,0.778836,4969,3902
pretrain,15,1,41406,0.805970,0.809140,0.802740,0.780952,88,63
pretrain,15,6,41726,0.811398,0.814516,0.808219,0.778836,391,325
pretrain,15,11,42046,0.810041,0.806452,0.813699,0.776720,639,608
pretrain,15,16,42366,0.805970,0.798387,0.813699,0.776720,926,873
pretrain,15,21,42686,0.807327,0.795699,0.819178,0.777778,1186,1136
pretrain,15,26,43006,0.810041,0.793011,0.827397,0.777778,1415,1376
pretrain,15,31,43326,0.810041,0.790323,0.830137,0.775661,1676,1597
pretrain,15,36,43646,0.811398,0.790323,0.832877,0.777778,1893,1853
pretrain,15,41,43966,0.811398,0.787634,0.835616,0.776720,2126,2079
pretrain,15,47,44295,0.811398,0.787634,0.835616,0.772487,2363,2323
pretrain,16,1,44359,0.810041,0.790323,0.830137,0.774603,58,42
pretrain,16,6,44679,0.814111,0.793011,0.835616,0.771429,313,263
pretrain,16,11,44999,0.811398,0.784946,0.838356,0.771429,521,475
pretrain,16,16,45319,0.811398,0.784946,0.838356,0.774603,747,705
pretrain,16,21,45639,0.814111,0.790323,0.838356,0.768254,956,875
pretrain,16,26,45959,0.811398,0.784946,0.838356,0.768254,1161,1054
pretrain,16,31,46279,0.812754,0.787634,0.838356,0.772487,1414,1226
pretrain,16,36,46599,0.815468,0.795699,0.835616,0.770370,1636,1377
pretrain,16,41,46919,0.812754,0.787634,0.838356,0.766138,1843,1534
pretrain,16,47,47248,0.815468,0.793011,0.838356,0.769312,2090,1761
pretrain,17,1,47312,0.815468,0.793011,0.838356,0.766138,39,48
pretrain,17,6,47632,0.812754,0.787634,0.838356,0.770370,267,262
pretrain,17,11,47952,0.818182,0.795699,0.841096,0.770370,452,443
pretrain,17,16,48272,0.818182,0.801075,0.835616,0.769312,641,606
pretrain,17,21,48592,0.819539,0.801075,0.838356,0.772487,807,768
pretrain,17,26,48912,0.818182,0.795699,0.841096,0.770370,967,912
pretrain,17,31,49232,0.818182,0.795699,0.841096,0.774603,1153,1067
pretrain,17,36,49552,0.818182,0.793011,0.843836,0.773545,1315,1223
pretrain,17,41,49872,0.816825,0.790323,0.843836,0.770370,1470,1342
pretrain,17,47,50201,0.819539,0.793011,0.846575,0.769312,1648,1484
pretrain,18,1,50265,0.816825,0.787634,0.846575,0.767196,38,31
pretrain,18,6,50585,0.814111,0.787634,0.841096,0.769312,173,156
pretrain,18,11,50905,0.811398,0.787634,0.835616,0.771429,320,267
pretrain,18,16,51225,0.814111,0.784946,0.843836,0.769312,437,387
pretrain,18,21,51545,0.818182,0.793011,0.843836,0.766138,545,503
pretrain,18,26,51865,0.818182,0.793011,0.843836,0.770370,667,590
pretrain,18,31,52185,0.816825,0.793011,0.841096,0.771429,819,694
pretrain,18,36,52505,0.818182,0.793011,0.843836,0.769312,965,789
pretrain,18,41,52825,0.816825,0.790323,0.843836,0.768254,1052,867
pretrain,18,47,53154,0.815468,0.787634,0.843836,0.767196,1174,980
pretrain,19,1,53218,0.816825,0.790323,0.843836,0.768254,28,19
pretrain,19,6,53538,0.819539,0.795699,0.843836,0.769312,139,112
pretrain,19,11,53858,0.815468,0.790323,0.841096,0.771429,246,221
pretrain,19,16,54178,0.814111,0.784946,0.843836,0.768254,356,315
pretrain,19,21,54498,0.816825,0.787634,0.846575,0.769312,458,418
pretrain,19,26,54818,0.814111,0.787634,0.841096,0.773545,562,499
pretrain,19,31,55138,0.814111,0.787634,0.841096,0.770370,643,585
pretrain,19,36,55458,0.815468,0.784946,0.846575,0.772487,717,685
pretrain,19,41,55778,0.814111,0.784946,0.843836,0.771429,787,739
pretrain,19,47,56107,0.816825,0.784946,0.849315,0.768254,889,825
pretrain,20,1,56171,0.815468,0.782258,0.849315,0.769312,15,16
pretrain,20,6,56491,0.819539,0.790323,0.849315,0.766138,79,90
pretrain,20,11,56811,0.812754,0.782258,0.843836,0.768254,163,177
pretrain,20,16,57131,0.814111,0.784946,0.843836,0.768254,235,236
pretrain,20,21,57451,0.818182,0.784946,0.852055,0.768254,303,287
pretrain,20,26,57771,0.819539,0.782258,0.857534,0.771429,373,351
pretrain,20,31,58091,0.815468,0.776882,0.854795,0.770370,453,409
pretrain,20,36,58411,0.818182,0.782258,0.854795,0.771429,523,489
pretrain,20,41,58731,0.816825,0.784946,0.849315,0.768254,599,555
pretrain,20,47,59060,0.818182,0.782258,0.854795,0.774603,680,625
