Phase,Epoch,BatchIdx,SamplesSeen,Val_Accuracy,Class0_Accuracy,Class1_Accuracy,Test_Accuracy,LTP_crossings,LTD_crossings
finetune,0,0,0,0.792402,0.749326,0.836066,0.794709
finetune,1,1,64,0.792402,0.749326,0.836066,0.794709,0,0
finetune,1,6,384,0.792402,0.749326,0.836066,0.794709,0,0
finetune,1,11,704,0.792402,0.749326,0.836066,0.794709,0,0
finetune,1,16,1024,0.785617,0.752022,0.819672,0.791534,100,62
finetune,1,21,1344,0.713704,0.964960,0.459016,0.719577,4523,5343
finetune,1,26,1664,0.767978,0.951482,0.581967,0.756614,8159,11054
finetune,1,31,1984,0.795115,0.814016,0.775956,0.814815,13135,16304
finetune,1,36,2304,0.795115,0.722372,0.868852,0.810582,17387,20573
finetune,1,41,2624,0.788331,0.722372,0.855191,0.820106,20766,23865
finetune,1,47,2953,0.796472,0.816712,0.775956,0.804233,25193,27936
finetune,2,1,3017,0.799186,0.811321,0.786885,0.798942,708,658
finetune,2,6,3337,0.784261,0.765499,0.803279,0.808466,4081,3840
finetune,2,11,3657,0.782904,0.749326,0.816940,0.817989,7120,6706
finetune,2,16,3977,0.785617,0.770889,0.800546,0.809524,10159,9424
finetune,2,21,4297,0.789688,0.797844,0.781421,0.800000,13362,12271
finetune,2,26,4617,0.797829,0.835580,0.759563,0.798942,16425,15029
finetune,2,31,4937,0.792402,0.797844,0.786885,0.808466,19352,17558
finetune,2,36,5257,0.782904,0.760108,0.806011,0.810582,22248,20017
finetune,2,41,5577,0.792402,0.778976,0.806011,0.804233,24879,22319
finetune,2,47,5906,0.795115,0.805930,0.784153,0.803175,28303,25430
finetune,3,1,5970,0.793758,0.814016,0.773224,0.800000,634,601
finetune,3,6,6290,0.797829,0.867925,0.726776,0.791534,3429,3351
finetune,3,11,6610,0.796472,0.876011,0.715847,0.792593,5743,5810
finetune,3,16,6930,0.801900,0.865229,0.737705,0.792593,7846,8040
finetune,3,21,7250,0.797829,0.792453,0.803279,0.808466,10160,10532
finetune,3,26,7570,0.773406,0.652291,0.896175,0.820106,13418,13643
finetune,3,31,7890,0.761194,0.622642,0.901639,0.810582,15616,15800
finetune,3,36,8210,0.770692,0.681941,0.860656,0.819048,17817,17937
finetune,3,41,8530,0.782904,0.797844,0.767760,0.810582,20896,20878
finetune,3,47,8859,0.791045,0.876011,0.704918,0.793651,24280,24020
finetune,4,1,8923,0.792402,0.878706,0.704918,0.789418,508,533
finetune,4,6,9243,0.797829,0.851752,0.743169,0.803175,3145,2821
finetune,4,11,9563,0.803256,0.819407,0.786885,0.801058,5459,4730
finetune,4,16,9883,0.803256,0.797844,0.808743,0.802116,7562,6558
finetune,4,21,10203,0.799186,0.784367,0.814208,0.807407,9704,8502
finetune,4,26,10523,0.800543,0.784367,0.816940,0.808466,12048,10669
finetune,4,31,10843,0.804613,0.773585,0.836066,0.810582,14188,12658
finetune,4,36,11163,0.796472,0.752022,0.841530,0.810582,16317,14608
finetune,4,41,11483,0.793758,0.757412,0.830601,0.814815,18285,16588
finetune,4,47,11812,0.792402,0.757412,0.827869,0.811640,20842,19257
finetune,5,1,11876,0.795115,0.762803,0.827869,0.808466,431,520
finetune,5,6,12196,0.808684,0.781671,0.836066,0.813757,2601,2934
finetune,5,11,12516,0.801900,0.784367,0.819672,0.810582,4446,5029
finetune,5,16,12836,0.808684,0.778976,0.838798,0.815873,6270,7011
finetune,5,21,13156,0.800543,0.762803,0.838798,0.821164,8124,8864
finetune,5,26,13476,0.792402,0.746631,0.838798,0.817989,9847,10617
finetune,5,31,13796,0.792402,0.752022,0.833333,0.817989,11628,12251
finetune,5,36,14116,0.781547,0.719677,0.844262,0.824339,13426,13956
finetune,5,41,14436,0.781547,0.711590,0.852459,0.824339,15234,15761
finetune,5,47,14765,0.791045,0.733154,0.849727,0.823280,17425,17796
finetune,6,1,14829,0.791045,0.735849,0.846995,0.820106,447,373
finetune,6,6,15149,0.793758,0.773585,0.814208,0.815873,2654,2546
finetune,6,11,15469,0.796472,0.808625,0.784153,0.809524,4775,4573
finetune,6,16,15789,0.792402,0.824798,0.759563,0.806349,6490,6345
finetune,6,21,16109,0.793758,0.816712,0.770492,0.806349,8112,7874
finetune,6,26,16429,0.788331,0.781671,0.795082,0.810582,10044,9574
finetune,6,31,16749,0.786974,0.749326,0.825137,0.819048,11847,11353
finetune,6,36,17069,0.785617,0.741240,0.830601,0.817989,13537,13153
finetune,6,41,17389,0.776119,0.725067,0.827869,0.819048,15097,14774
finetune,6,47,17718,0.780190,0.735849,0.825137,0.822222,16746,16559
finetune,7,1,17782,0.780190,0.735849,0.825137,0.823280,276,268
finetune,7,6,18102,0.799186,0.787062,0.811475,0.812698,2116,2067
finetune,7,11,18422,0.801900,0.854447,0.748634,0.804233,3966,3955
finetune,7,16,18742,0.803256,0.867925,0.737705,0.796825,5386,5540
finetune,7,21,19062,0.803256,0.851752,0.754098,0.809524,6790,6997
finetune,7,26,19382,0.796472,0.819407,0.773224,0.812698,8363,8700
finetune,7,31,19702,0.782904,0.727763,0.838798,0.826455,10383,10889
finetune,7,36,20022,0.770692,0.649596,0.893443,0.810582,12029,12757
finetune,7,41,20342,0.767978,0.641509,0.896175,0.807407,13263,14114
finetune,7,47,20671,0.782904,0.668464,0.898907,0.811640,14970,15762
finetune,8,1,20735,0.780190,0.665768,0.896175,0.816931,240,262
finetune,8,6,21055,0.789688,0.703504,0.877049,0.825397,1667,1870
finetune,8,11,21375,0.788331,0.735849,0.841530,0.827513,3166,3594
finetune,8,16,21695,0.799186,0.776280,0.822404,0.819048,4585,5140
finetune,8,21,22015,0.816825,0.835580,0.797814,0.815873,6007,6762
finetune,8,26,22335,0.810041,0.840970,0.778689,0.813757,7088,8062
finetune,8,31,22655,0.812754,0.846361,0.778689,0.812698,8256,9362
finetune,8,36,22975,0.815468,0.835580,0.795082,0.813757,9419,10777
finetune,8,41,23295,0.803256,0.803235,0.803279,0.817989,10636,12259
finetune,8,47,23624,0.801900,0.776280,0.827869,0.816931,12268,14187
finetune,9,1,23688,0.793758,0.768194,0.819672,0.819048,296,332
finetune,9,6,24008,0.789688,0.749326,0.830601,0.820106,1631,1977
finetune,9,11,24328,0.795115,0.770889,0.819672,0.822222,3024,3399
finetune,9,16,24648,0.791045,0.773585,0.808743,0.824339,4311,4595
finetune,9,21,24968,0.789688,0.776280,0.803279,0.825397,5445,5707
finetune,9,26,25288,0.801900,0.808625,0.795082,0.824339,6588,6777
finetune,9,31,25608,0.799186,0.800539,0.797814,0.822222,7612,7760
finetune,9,36,25928,0.797829,0.805930,0.789617,0.821164,8678,8708
finetune,9,41,26248,0.797829,0.805930,0.789617,0.822222,9719,9611
finetune,9,47,26577,0.791045,0.776280,0.806011,0.828571,11008,10899
finetune,10,1,26641,0.792402,0.770889,0.814208,0.832804,259,247
finetune,10,6,26961,0.796472,0.741240,0.852459,0.825397,1445,1577
finetune,10,11,27281,0.796472,0.730458,0.863388,0.817989,2589,2754
finetune,10,16,27601,0.800543,0.735849,0.866120,0.820106,3598,3723
finetune,10,21,27921,0.800543,0.746631,0.855191,0.816931,4506,4543
finetune,10,26,28241,0.801900,0.754717,0.849727,0.820106,5453,5328
finetune,10,31,28561,0.804613,0.768194,0.841530,0.825397,6396,6205
finetune,10,36,28881,0.797829,0.773585,0.822404,0.830688,7437,7197
finetune,10,41,29201,0.797829,0.797844,0.797814,0.828571,8518,8199
finetune,10,47,29530,0.789688,0.795148,0.784153,0.823280,9615,9258
